10 0.000023
10 0.000008
10 0.000003
10 0.000010
10 0.000010
10 0.000002
10 0.000005
10 0.000007
10 0.000011
10 0.000004
10 0.000004
10 0.000009
10 0.000005
10 0.000008
10 0.000005
10 0.000006
10 0.000002
10 0.000002
10 0.000007
10 0.000009
11 0.000012
11 0.000004
11 0.000008
11 0.000006
11 0.000013
11 0.000010
11 0.000004
11 0.000015
11 0.000005
11 0.000022
11 0.000008
11 0.000014
11 0.000002
11 0.000002
11 0.000010
11 0.000016
11 0.000008
11 0.000003
11 0.000006
11 0.000004
12 0.000021
12 0.000017
12 0.000008
12 0.000005
12 0.000017
12 0.000008
12 0.000007
12 0.000009
12 0.000016
12 0.000015
12 0.000026
12 0.000027
12 0.000009
12 0.000030
12 0.000034
12 0.000015
12 0.000037
12 0.000006
12 0.000022
12 0.000037
13 0.000081
13 0.000018
13 0.000076
13 0.000050
13 0.000054
13 0.000025
13 0.000060
13 0.000028
13 0.000068
13 0.000011
13 0.000051
13 0.000012
13 0.000005
13 0.000076
13 0.000019
13 0.000003
13 0.000076
13 0.000018
13 0.000046
13 0.000022
14 0.000030
14 0.000130
14 0.000009
14 0.000051
14 0.000086
14 0.000072
14 0.000047
14 0.000087
14 0.000075
14 0.000112
14 0.000066
14 0.000011
14 0.000043
14 0.000076
14 0.000110
14 0.000103
14 0.000093
14 0.000031
14 0.000035
14 0.000120
15 0.000126
15 0.000071
15 0.000058
15 0.000031
15 0.000219
15 0.000117
15 0.000049
15 0.000032
15 0.000260
15 0.000160
15 0.000085
15 0.000247
15 0.000107
15 0.000198
15 0.000006
15 0.000061
15 0.000050
15 0.000153
15 0.000066
15 0.000220
16 0.000474
16 0.000073
16 0.000055
16 0.000055
16 0.000064
16 0.000266
16 0.000330
16 0.000152
16 0.000089
16 0.000042
16 0.000155
16 0.000259
16 0.000323
16 0.000227
16 0.000042
16 0.000458
16 0.000138
16 0.000175
16 0.000276
16 0.000013
17 0.000107
17 0.000943
17 0.000054
17 0.000355
17 0.000477
17 0.001130
17 0.000054
17 0.000775
17 0.000132
17 0.000433
17 0.000809
17 0.000058
17 0.000886
17 0.000656
17 0.000814
17 0.000012
17 0.000824
17 0.000672
17 0.000621
17 0.000992
18 0.000982
18 0.001416
18 0.000538
18 0.000709
18 0.000061
18 0.000107
18 0.001591
18 0.001222
18 0.001218
18 0.000411
18 0.000146
18 0.001057
18 0.001068
18 0.001247
18 0.000144
18 0.001255
18 0.001322
18 0.000986
18 0.001490
18 0.000166
19 0.000099
19 0.000658
19 0.000440
19 0.000100
19 0.003993
19 0.000009
19 0.002256
19 0.000367
19 0.000804
19 0.000121
19 0.001840
19 0.000065
19 0.003071
19 0.000187
19 0.001706
19 0.000906
19 0.000308
19 0.001524
19 0.000261
19 0.002139
20 0.001522
20 0.002007
20 0.007185
20 0.001575
20 0.002544
20 0.001939
20 0.002019
20 0.000336
20 0.001011
20 0.005590
20 0.004749
20 0.002495
20 0.001819
20 0.005460
20 0.001826
20 0.004136
20 0.000078
20 0.002416
20 0.000515
20 0.007654
21 0.010444
21 0.000036
21 0.001267
21 0.002358
21 0.003322
21 0.004635
21 0.000013
21 0.008537
21 0.008477
21 0.008942
21 0.006658
21 0.009948
21 0.007577
21 0.002690
21 0.011070
21 0.004438
21 0.008873
21 0.001095
21 0.003671
21 0.006378
22 0.013457
22 0.004692
22 0.000473
22 0.001908
22 0.011082
22 0.026866
22 0.012094
22 0.009451
22 0.014976
22 0.010326
22 0.009003
22 0.000143
22 0.013998
22 0.024237
22 0.001990
22 0.011433
22 0.007770
22 0.024593
22 0.008008
22 0.005384
23 0.009975
23 0.029159
23 0.003470
23 0.017622
23 0.025370
23 0.010759
23 0.038584
23 0.035339
23 0.038161
23 0.025043
23 0.017292
23 0.055029
23 0.046546
23 0.012718
23 0.020300
23 0.013882
23 0.041508
23 0.012093
23 0.062051
23 0.003145
24 0.059781
24 0.027440
24 0.008004
24 0.053535
24 0.026788
24 0.079684
24 0.053659
24 0.050549
24 0.081802
24 0.044802
24 0.007349
24 0.018429
24 0.031331
24 0.042944
24 0.017379
24 0.082127
24 0.008665
24 0.077163
24 0.041958
24 0.021756
25 0.151506
25 0.069272
25 0.042980
25 0.109284
25 0.021368
25 0.048895
25 0.102660
25 0.176285
25 0.057149
25 0.127708
25 0.026128
25 0.053507
25 0.161042
25 0.027965
25 0.044036
25 0.006240
25 0.006217
25 0.021033
25 0.023359
25 0.002875
26 0.139572
26 0.089774
26 0.029764
26 0.243774
26 0.068568
26 0.063578
26 0.056389
26 0.192860
26 0.028564
26 0.074809
26 0.022861
26 0.417478
26 0.070419
26 0.033107
26 0.021545
26 0.345452
26 0.112323
26 0.007073
26 0.257871
26 0.179980
27 0.043369
27 0.310167
27 0.167277
27 0.393288
27 0.332050
27 0.671840
27 0.042057
27 0.306999
27 0.071449
27 0.165752
27 0.150219
27 0.415252
27 0.698217
27 0.253564
27 0.384351
27 0.092907
27 0.335197
27 0.065237
27 0.333301
27 0.273370
28 0.491280
28 0.328466
28 0.821029
28 0.492992
28 0.011888
28 0.750347
28 0.160978
28 0.006142
28 0.002400
28 0.143003
28 0.519703
28 0.218895
28 0.553822
28 0.651163
28 0.424716
28 0.403624
28 0.279123
28 0.647421
28 0.392124
28 0.304160
29 2.753171
29 1.033795
29 2.285473
29 1.768806
29 1.914334
29 0.185585
29 1.283848
29 1.281671
29 0.752048
29 0.541008
29 2.873823
29 2.046653
29 1.692009
29 0.562792
29 1.839512
29 2.014869
29 1.960119
29 0.095873
29 1.179357
29 0.765660
30 5.552342
30 0.150502
30 0.839241
30 1.644590
30 4.360950
30 2.533083
30 3.200738
30 4.270174
30 2.424281
30 4.642482
30 1.077718
30 0.484093
30 1.828147
30 3.459188
30 0.916878
30 3.961156
30 1.172302
30 0.021046
30 0.827526
30 1.293343
31 0.565022
31 7.790692
31 4.058881
31 0.124689
31 2.445213
31 4.886097
31 4.833145
31 7.334210
31 2.275906
31 5.760834
31 0.509244
31 9.259271
31 6.100781
31 7.203706
31 7.254366
31 2.012930
31 3.549463
31 12.714459
31 11.234923
31 1.633272
32 26.318386
32 7.378197
32 18.088240
32 4.264577
32 2.291501
32 13.514893
32 0.198895
32 0.188281
32 14.932283
32 7.188405
32 2.718062
32 0.394330
32 7.297437
32 7.719860
32 15.788989
32 15.907228
32 6.035167
32 24.162513
32 15.357585
32 19.201862
33 22.422216
33 29.141533
33 19.915569
33 11.312244
33 36.835195
33 30.438247
33 34.037821
33 3.279345
33 28.422575
33 6.167909
33 38.815401
33 10.805504
33 1.312309
33 1.010713
33 16.415622
33 16.903899
33 3.220586
33 30.322007
33 2.483554
33 36.596509
34 48.562303
34 92.014456
34 56.953311
34 85.916442
34 10.246530
34 11.309788
34 27.380374
34 95.694753
34 78.128703
34 37.232498
34 12.545292
34 5.737545
34 33.012374
34 50.915888
34 48.424969
34 53.627572
34 18.924292
34 70.181186
34 73.268409
34 12.952709
35 36.582207
35 19.324516
35 146.395321
35 12.834458
35 10.121193
35 184.100354
35 30.803831
35 36.454960
35 155.844321
35 81.087303
35 207.657930
35 77.979348
35 14.431246
35 30.087698
35 13.057706
35 75.264362
35 47.018684
35 7.456629
35 73.045937
35 134.609051
