10 0.000027
10 0.000005
10 0.000014
10 0.000004
10 0.000008
10 0.000005
10 0.000006
10 0.000011
10 0.000007
10 0.000007
10 0.000005
10 0.000004
10 0.000008
10 0.000009
10 0.000003
10 0.000013
10 0.000006
10 0.000006
10 0.000012
10 0.000005
11 0.000008
11 0.000026
11 0.000003
11 0.000006
11 0.000017
11 0.000005
11 0.000003
11 0.000017
11 0.000015
11 0.000006
11 0.000025
11 0.000022
11 0.000017
11 0.000013
11 0.000015
11 0.000008
11 0.000008
11 0.000006
11 0.000019
11 0.000014
12 0.000021
12 0.000028
12 0.000017
12 0.000023
12 0.000010
12 0.000033
12 0.000009
12 0.000020
12 0.000013
12 0.000041
12 0.000017
12 0.000010
12 0.000004
12 0.000013
12 0.000026
12 0.000005
12 0.000014
12 0.000037
12 0.000041
12 0.000036
13 0.000052
13 0.000023
13 0.000009
13 0.000003
13 0.000078
13 0.000041
13 0.000043
13 0.000068
13 0.000040
13 0.000028
13 0.000022
13 0.000054
13 0.000025
13 0.000022
13 0.000048
13 0.000007
13 0.000036
13 0.000006
13 0.000060
13 0.000052
14 0.000134
14 0.000031
14 0.000145
14 0.000076
14 0.000053
14 0.000139
14 0.000045
14 0.000043
14 0.000079
14 0.000075
14 0.000032
14 0.000048
14 0.000111
14 0.000131
14 0.000061
14 0.000101
14 0.000006
14 0.000026
14 0.000057
14 0.000148
15 0.000089
15 0.000260
15 0.000254
15 0.000092
15 0.000131
15 0.000177
15 0.000061
15 0.000153
15 0.000102
15 0.000079
15 0.000054
15 0.000078
15 0.000108
15 0.000203
15 0.000053
15 0.000189
15 0.000239
15 0.000126
15 0.000154
15 0.000015
16 0.000478
16 0.000106
16 0.000178
16 0.000147
16 0.000049
16 0.000245
16 0.000069
16 0.000219
16 0.000240
16 0.000113
16 0.000171
16 0.000285
16 0.000099
16 0.000316
16 0.000254
16 0.000286
16 0.000377
16 0.000160
16 0.000050
16 0.000359
17 0.000916
17 0.001043
17 0.000310
17 0.000210
17 0.000767
17 0.000110
17 0.000729
17 0.000171
17 0.000393
17 0.000692
17 0.000227
17 0.000407
17 0.000784
17 0.000284
17 0.000119
17 0.000450
17 0.000211
17 0.000097
17 0.000737
17 0.000417
18 0.001669
18 0.000427
18 0.001539
18 0.000789
18 0.000370
18 0.000041
18 0.000760
18 0.000110
18 0.000258
18 0.000755
18 0.000065
18 0.000818
18 0.000428
18 0.000904
18 0.000093
18 0.000767
18 0.000302
18 0.000724
18 0.001343
18 0.000766
19 0.001418
19 0.002382
19 0.001987
19 0.001832
19 0.003243
19 0.000717
19 0.001871
19 0.001937
19 0.001356
19 0.001339
19 0.002201
19 0.000232
19 0.002807
19 0.002418
19 0.002120
19 0.001107
19 0.000515
19 0.001987
19 0.001170
19 0.002872
20 0.002654
20 0.001329
20 0.001010
20 0.004020
20 0.002829
20 0.000264
20 0.004369
20 0.001067
20 0.000588
20 0.004782
20 0.000628
20 0.001213
20 0.002015
20 0.001448
20 0.001698
20 0.000875
20 0.002766
20 0.000627
20 0.001332
20 0.001894
21 0.000361
21 0.002737
21 0.006524
21 0.012237
21 0.006556
21 0.009634
21 0.004682
21 0.004579
21 0.001762
21 0.001984
21 0.011971
21 0.003921
21 0.009161
21 0.001621
21 0.007695
21 0.006083
21 0.008976
21 0.004609
21 0.000059
21 0.007956
22 0.000694
22 0.019348
22 0.002222
22 0.010516
22 0.014559
22 0.026490
22 0.001678
22 0.001441
22 0.013184
22 0.002274
22 0.005716
22 0.020773
22 0.010838
22 0.013189
22 0.012264
22 0.000888
22 0.000151
22 0.008879
22 0.010408
22 0.010025
23 0.001596
23 0.033914
23 0.010661
23 0.026699
23 0.006342
23 0.009680
23 0.003196
23 0.009782
23 0.015758
23 0.001031
23 0.035031
23 0.001121
23 0.000627
23 0.030153
23 0.003091
23 0.026000
23 0.050272
23 0.013032
23 0.009239
23 0.010422
24 0.009188
24 0.018954
24 0.010343
24 0.018279
24 0.024553
24 0.007161
24 0.018272
24 0.020206
24 0.104812
24 0.033831
24 0.017920
24 0.017938
24 0.032259
24 0.090358
24 0.018584
24 0.030675
24 0.030081
24 0.015948
24 0.009616
24 0.116654
25 0.108867
25 0.026807
25 0.104653
25 0.152227
25 0.016211
25 0.137335
25 0.068546
25 0.059403
25 0.031815
25 0.053756
25 0.124864
25 0.067777
25 0.086886
25 0.003969
25 0.004913
25 0.070175
25 0.155858
25 0.036787
25 0.065093
25 0.028542
26 0.342075
26 0.078145
26 0.043075
26 0.310523
26 0.101215
26 0.182181
26 0.061119
26 0.016296
26 0.108172
26 0.213374
26 0.199440
26 0.022723
26 0.198710
26 0.235781
26 0.255041
26 0.157064
26 0.035034
26 0.394683
26 0.151387
26 0.126667
27 0.012331
27 0.028378
27 0.239732
27 0.200878
27 0.646458
27 0.050612
27 0.191718
27 0.284820
27 0.362645
27 0.126197
27 0.000318
27 0.359582
27 0.071688
27 0.537138
27 0.013991
27 0.058681
27 0.164215
27 0.398433
27 0.370210
27 0.098347
28 0.947731
28 0.541002
28 0.812452
28 1.057934
28 0.495531
28 1.005063
28 1.092926
28 0.555034
28 0.118532
28 0.406726
28 1.673003
28 1.325598
28 0.157284
28 0.289208
28 1.291286
28 1.378982
28 0.422091
28 1.342641
28 0.509885
28 0.229437
29 0.053580
29 0.769682
29 0.130199
29 0.925513
29 1.699761
29 3.867951
29 1.425745
29 2.138327
29 0.726028
29 0.992704
29 0.511023
29 0.981847
29 3.412344
29 0.763123
29 1.461815
29 2.256960
29 0.346286
29 2.090483
29 2.463962
29 1.419356
30 5.123561
30 0.023708
30 5.869681
30 5.406309
30 1.921328
30 3.982687
30 4.824935
30 3.516830
30 1.799632
30 0.012311
30 0.250560
30 0.740332
30 2.225233
30 3.019302
30 3.694664
30 3.352086
30 2.956160
30 5.729443
30 6.464348
30 0.186792
31 0.754819
31 5.287776
31 5.948797
31 0.876830
31 2.271885
31 0.993449
31 5.727755
31 0.135711
31 1.021235
31 3.652917
31 2.949123
31 7.086658
31 0.986768
31 13.334041
31 3.638997
31 7.041205
31 1.016831
31 0.205527
31 8.910290
31 5.213286
32 13.540913
32 18.390713
32 2.443210
32 8.858935
32 3.569643
32 8.822070
32 8.592748
32 2.402019
32 12.736232
32 12.000692
32 17.254298
32 15.590895
32 2.425987
32 2.484735
32 6.719294
32 7.469791
32 0.173427
32 10.299300
32 7.518173
32 3.336977
33 52.750143
33 2.554219
33 43.509893
33 10.006152
33 35.431424
33 6.079231
33 24.526094
33 18.426360
33 32.251741
33 9.453372
33 12.126287
33 29.906164
33 0.704667
33 11.647728
33 23.669718
33 19.397087
33 11.353670
33 37.418335
33 12.476974
33 7.736420
34 8.143858
34 112.576854
34 102.169959
34 17.048842
34 80.884171
34 68.879630
34 4.748223
34 58.011549
34 0.658290
34 51.758613
34 63.142118
34 41.218441
34 26.861643
34 19.286292
34 34.704011
34 20.476334
34 48.347497
34 8.996113
34 4.046197
34 7.033362
35 42.816591
35 90.023969
35 12.697842
35 4.804909
35 49.343420
35 62.795928
35 85.308940
35 8.532977
35 137.322217
35 154.325028
35 26.881356
35 25.621914
35 176.133231
35 211.198415
35 88.669358
35 26.330763
35 37.650095
35 90.763115
35 152.849701
35 109.099854
