10 0.000065
10 0.000006
10 0.000016
10 0.000025
10 0.000006
10 0.000017
10 0.000033
10 0.000012
10 0.000043
10 0.000019
10 0.000005
10 0.000056
10 0.000027
10 0.000014
10 0.000013
10 0.000049
10 0.000024
10 0.000008
10 0.000036
10 0.000041
11 0.000094
11 0.000128
11 0.000107
11 0.000152
11 0.000045
11 0.000021
11 0.000003
11 0.000017
11 0.000090
11 0.000065
11 0.000079
11 0.000024
11 0.000041
11 0.000034
11 0.000043
11 0.000047
11 0.000105
11 0.000095
11 0.000100
11 0.000046
12 0.000142
12 0.000100
12 0.000214
12 0.000189
12 0.000189
12 0.000186
12 0.000006
12 0.000130
12 0.000036
12 0.000074
12 0.000053
12 0.000211
12 0.000128
12 0.000249
12 0.000246
12 0.000003
12 0.000145
12 0.000077
12 0.000214
12 0.000101
13 0.000193
13 0.000034
13 0.000009
13 0.000025
13 0.000433
13 0.000072
13 0.000442
13 0.000366
13 0.000201
13 0.000287
13 0.000197
13 0.000150
13 0.000124
13 0.000346
13 0.000079
13 0.000057
13 0.000353
13 0.000280
13 0.000285
13 0.000258
14 0.000525
14 0.000182
14 0.000589
14 0.000576
14 0.000267
14 0.000622
14 0.000740
14 0.000336
14 0.000891
14 0.000297
14 0.000115
14 0.000171
14 0.000790
14 0.000773
14 0.000840
14 0.000457
14 0.000582
14 0.000520
14 0.000694
14 0.000878
15 0.001623
15 0.000813
15 0.001444
15 0.000168
15 0.001500
15 0.000568
15 0.000522
15 0.001492
15 0.000270
15 0.000648
15 0.000136
15 0.000524
15 0.000455
15 0.001040
15 0.000316
15 0.000554
15 0.001076
15 0.000524
15 0.001148
15 0.000985
16 0.002654
16 0.002297
16 0.002445
16 0.001770
16 0.000244
16 0.001418
16 0.002174
16 0.002152
16 0.000765
16 0.002300
16 0.001749
16 0.001908
16 0.000262
16 0.001333
16 0.001131
16 0.001838
16 0.002320
16 0.000068
16 0.000044
16 0.000954
17 0.003619
17 0.005333
17 0.003669
17 0.001743
17 0.003619
17 0.002885
17 0.001180
17 0.003067
17 0.003895
17 0.001545
17 0.000020
17 0.005102
17 0.003950
17 0.001503
17 0.004993
17 0.001430
17 0.001184
17 0.000896
17 0.004589
17 0.003938
18 0.002566
18 0.000324
18 0.008101
18 0.009828
18 0.003848
18 0.001016
18 0.005855
18 0.005780
18 0.000892
18 0.010411
18 0.000732
18 0.008115
18 0.002144
18 0.003753
18 0.004707
18 0.007021
18 0.003419
18 0.000267
18 0.010883
18 0.005585
19 0.012271
19 0.013412
19 0.011482
19 0.009199
19 0.010531
19 0.006586
19 0.013261
19 0.019475
19 0.006046
19 0.011916
19 0.019705
19 0.016763
19 0.009338
19 0.014883
19 0.021092
19 0.007606
19 0.004831
19 0.021518
19 0.021442
19 0.018695
20 0.041504
20 0.033612
20 0.038872
20 0.027672
20 0.025154
20 0.012626
20 0.045746
20 0.015375
20 0.003628
20 0.003335
20 0.021385
20 0.018967
20 0.020138
20 0.029178
20 0.022675
20 0.004484
20 0.015512
20 0.038470
20 0.043343
20 0.041304
21 0.052107
21 0.086468
21 0.083591
21 0.021059
21 0.035588
21 0.025012
21 0.050127
21 0.040648
21 0.049172
21 0.009646
21 0.085301
21 0.059334
21 0.057682
21 0.072862
21 0.040161
21 0.015034
21 0.044885
21 0.068946
21 0.013645
21 0.026050
22 0.047990
22 0.179878
22 0.003946
22 0.178012
22 0.184581
22 0.148276
22 0.142490
22 0.107862
22 0.019478
22 0.133743
22 0.042822
22 0.097740
22 0.139926
22 0.077083
22 0.056163
22 0.011912
22 0.131029
22 0.133433
22 0.055062
22 0.062440
23 0.056225
23 0.067565
23 0.202691
23 0.124655
23 0.034217
23 0.156911
23 0.096241
23 0.139473
23 0.094706
23 0.000542
23 0.256433
23 0.028904
23 0.172874
23 0.341443
23 0.006180
23 0.071368
23 0.170931
23 0.087429
23 0.154826
23 0.104155
24 0.338534
24 0.632733
24 0.610384
24 0.192479
24 0.510363
24 0.150283
24 0.301799
24 0.376814
24 0.705087
24 0.218642
24 0.304164
24 0.432887
24 0.244491
24 0.637576
24 0.476797
24 0.075021
24 0.512647
24 0.466212
24 0.010964
24 0.710438
25 0.838513
25 1.422677
25 0.826202
25 1.423251
25 1.189353
25 1.178276
25 1.101001
25 1.285803
25 0.760759
25 1.044847
25 1.043379
25 0.300361
25 1.008861
25 0.006162
25 0.199951
25 0.713608
25 0.605917
25 1.180612
25 0.033478
25 0.040275
26 0.674733
26 0.008665
26 0.756324
26 2.526821
26 1.697440
26 1.394993
26 2.104578
26 0.072603
26 0.126760
26 1.166284
26 1.846302
26 2.707432
26 2.189477
26 1.402483
26 2.414823
26 1.020253
26 0.864311
26 0.621731
26 0.959287
26 2.789957
27 0.198606
27 0.005853
27 5.530525
27 0.677486
27 3.479759
27 3.888053
27 0.215443
27 1.862825
27 2.467921
27 0.794935
27 0.011867
27 4.928701
27 3.214332
27 3.654852
27 5.412437
27 1.913749
27 3.057567
27 4.097436
27 4.633178
27 5.083608
28 4.614332
28 10.903342
28 10.893950
28 10.864496
28 0.510883
28 10.047427
28 11.535732
28 10.140821
28 1.703479
28 9.552869
28 4.231669
28 11.993062
28 4.640336
28 2.294261
28 4.316537
28 11.609182
28 2.660376
28 6.714892
28 2.943863
28 6.282989
29 0.821134
29 10.885083
29 4.637174
29 12.352645
29 8.672423
29 11.586696
29 9.838870
29 8.915649
29 11.103463
29 11.868058
29 0.357247
29 14.143373
29 1.515356
29 20.180761
29 13.662060
29 19.851592
29 0.130108
29 2.271436
29 17.979103
29 1.247756
30 11.261354
30 1.077144
30 27.747280
30 9.701404
30 9.586805
30 13.458376
30 21.845407
30 17.386554
30 1.699610
30 7.647059
30 26.693935
30 29.422819
30 3.178984
30 35.610706
30 32.645342
30 37.268216
30 5.251568
30 35.467448
30 54.918559
30 34.304759