10 0.000052
10 0.000025
10 0.000019
10 0.000028
10 0.000019
10 0.000004
10 0.000040
10 0.000027
10 0.000010
10 0.000016
10 0.000006
10 0.000044
10 0.000045
10 0.000027
10 0.000004
10 0.000045
10 0.000031
10 0.000040
10 0.000025
10 0.000035
11 0.000095
11 0.000023
11 0.000034
11 0.000067
11 0.000092
11 0.000089
11 0.000006
11 0.000073
11 0.000077
11 0.000026
11 0.000066
11 0.000021
11 0.000008
11 0.000028
11 0.000083
11 0.000083
11 0.000028
11 0.000008
11 0.000042
11 0.000083
12 0.000033
12 0.000091
12 0.000135
12 0.000182
12 0.000136
12 0.000075
12 0.000203
12 0.000063
12 0.000085
12 0.000033
12 0.000126
12 0.000149
12 0.000176
12 0.000149
12 0.000071
12 0.000146
12 0.000199
12 0.000029
12 0.000055
12 0.000195
13 0.000211
13 0.000123
13 0.000273
13 0.000333
13 0.000370
13 0.000348
13 0.000300
13 0.000318
13 0.000437
13 0.000017
13 0.000195
13 0.000213
13 0.000009
13 0.000213
13 0.000272
13 0.000394
13 0.000188
13 0.000149
13 0.000075
13 0.000361
14 0.000152
14 0.000424
14 0.000538
14 0.000901
14 0.000684
14 0.000301
14 0.000467
14 0.000894
14 0.000130
14 0.000226
14 0.000708
14 0.000412
14 0.000557
14 0.000750
14 0.000839
14 0.000304
14 0.000723
14 0.000579
14 0.000224
14 0.000914
15 0.000626
15 0.000976
15 0.000241
15 0.001035
15 0.001007
15 0.001517
15 0.000597
15 0.001565
15 0.001356
15 0.000845
15 0.000460
15 0.000973
15 0.000517
15 0.001038
15 0.000014
15 0.000210
15 0.001097
15 0.001153
15 0.000731
15 0.000855
16 0.001429
16 0.000441
16 0.000847
16 0.000230
16 0.000064
16 0.001365
16 0.000599
16 0.002296
16 0.001036
16 0.001267
16 0.000450
16 0.001040
16 0.002172
16 0.000969
16 0.000862
16 0.001446
16 0.001426
16 0.002585
16 0.000169
16 0.000746
17 0.000742
17 0.007009
17 0.003289
17 0.003352
17 0.000723
17 0.007789
17 0.001027
17 0.004610
17 0.006117
17 0.005552
17 0.005247
17 0.005437
17 0.001973
17 0.005441
17 0.001144
17 0.000574
17 0.005039
17 0.001136
17 0.004702
17 0.005458
18 0.010256
18 0.000825
18 0.004743
18 0.000913
18 0.003693
18 0.004171
18 0.008200
18 0.004150
18 0.009972
18 0.001921
18 0.001430
18 0.004429
18 0.006420
18 0.008161
18 0.001206
18 0.004464
18 0.008352
18 0.005398
18 0.007252
18 0.000694
19 0.017663
19 0.021991
19 0.006629
19 0.020973
19 0.016197
19 0.001565
19 0.009632
19 0.016401
19 0.002941
19 0.013371
19 0.002460
19 0.002912
19 0.017069
19 0.000628
19 0.017490
19 0.019333
19 0.016435
19 0.016529
19 0.016450
19 0.020727
20 0.025037
20 0.045336
20 0.048373
20 0.007696
20 0.008074
20 0.003937
20 0.002020
20 0.018499
20 0.030636
20 0.032743
20 0.047572
20 0.044330
20 0.027758
20 0.039517
20 0.039489
20 0.043493
20 0.033469
20 0.042640
20 0.013931
20 0.041648
21 0.045934
21 0.001042
21 0.043999
21 0.091991
21 0.026037
21 0.035029
21 0.000883
21 0.076216
21 0.067960
21 0.015180
21 0.059326
21 0.063140
21 0.076663
21 0.028679
21 0.066633
21 0.028126
21 0.033035
21 0.086659
21 0.055603
21 0.087745
22 0.116661
22 0.063402
22 0.053630
22 0.046545
22 0.126987
22 0.047830
22 0.116064
22 0.105552
22 0.124930
22 0.063422
22 0.162510
22 0.101594
22 0.133288
22 0.179546
22 0.132041
22 0.081819
22 0.111523
22 0.084190
22 0.085002
22 0.099953
23 0.115505
23 0.036607
23 0.350932
23 0.150853
23 0.032942
23 0.136462
23 0.241556
23 0.399552
23 0.217276
23 0.144668
23 0.329909
23 0.274674
23 0.194780
23 0.022426
23 0.080854
23 0.023137
23 0.376155
23 0.015466
23 0.068852
23 0.169960
24 0.454462
24 0.363346
24 0.126044
24 0.743953
24 0.156345
24 0.329352
24 0.325870
24 0.173163
24 0.682088
24 0.237831
24 0.037036
24 0.784334
24 0.510719
24 0.407841
24 0.412627
24 0.639621
24 0.307864
24 0.189786
24 0.159000
24 0.114846
25 0.622230
25 1.535322
25 1.422721
25 0.757831
25 0.255070
25 0.653273
25 1.469103
25 1.500186
25 0.637164
25 0.512126
25 1.574364
25 0.443807
25 1.284681
25 0.960433
25 1.405103
25 1.123939
25 0.863372
25 1.417882
25 0.548220
25 1.418166
26 1.677562
26 2.450507
26 2.212849
26 2.181324
26 1.847248
26 0.705261
26 2.795702
26 2.940357
26 1.626834
26 1.478636
26 0.247493
26 1.828572
26 0.992912
26 2.240125
26 2.100782
26 1.939410
26 2.126940
26 0.014528
26 2.707372
26 1.232827
27 5.366680
27 3.882071
27 3.757665
27 6.276277
27 0.209638
27 6.037985
27 3.928745
27 4.623857
27 6.490150
27 2.460075
27 5.352025
27 2.704772
27 2.110098
27 0.947598
27 5.028602
27 4.063569
27 4.389263
27 2.722754
27 1.391613
27 3.578573
28 5.442564
28 8.021444
28 4.541031
28 11.083721
28 0.467583
28 9.563858
28 11.742436
28 6.946653
28 3.854127
28 3.761979
28 4.968418
28 7.488489
28 7.023301
28 2.650502
28 0.456550
28 2.046964
28 0.493169
28 11.329125
28 7.531410
28 7.155895
29 15.506570
29 22.117878
29 5.461376
29 16.072737
29 10.728491
29 21.980965
29 8.779869
29 15.140228
29 12.679858
29 11.287296
29 16.168076
29 13.994280
29 7.225613
29 15.494228
29 21.096465
29 4.102462
29 20.739127
29 1.274655
29 16.817036
29 4.762070
30 36.898349
30 7.928633
30 46.996532
30 45.661524
30 25.286078
30 20.824954
30 41.069273
30 4.989478
30 43.233967
30 4.892213
30 40.114106
30 41.129160
30 2.112591
30 16.832341
30 17.559720
30 11.098802
30 1.609324
30 20.731384
30 5.167097
30 9.891684
