10 0.000041
10 0.000006
10 0.000005
10 0.000003
10 0.000004
10 0.000004
10 0.000004
10 0.000004
10 0.000004
10 0.000004
10 0.000003
10 0.000004
10 0.000003
10 0.000004
10 0.000004
10 0.000004
10 0.000004
10 0.000004
10 0.000003
10 0.000004
11 0.000009
11 0.000006
11 0.000005
11 0.000005
11 0.000004
11 0.000005
11 0.000006
11 0.000004
11 0.000005
11 0.000006
11 0.000005
11 0.000006
11 0.000005
11 0.000005
11 0.000005
11 0.000005
11 0.000004
11 0.000005
11 0.000005
11 0.000005
12 0.000011
12 0.000006
12 0.000007
12 0.000006
12 0.000006
12 0.000005
12 0.000006
12 0.000006
12 0.000005
12 0.000007
12 0.000006
12 0.000005
12 0.000007
12 0.000005
12 0.000007
12 0.000005
12 0.000005
12 0.000006
12 0.000006
12 0.000006
13 0.000011
13 0.000008
13 0.000008
13 0.000008
13 0.000008
13 0.000007
13 0.000008
13 0.000007
13 0.000007
13 0.000008
13 0.000008
13 0.000007
13 0.000009
13 0.000008
13 0.000008
13 0.000007
13 0.000008
13 0.000008
13 0.000009
13 0.000007
14 0.000016
14 0.000014
14 0.000012
14 0.000010
14 0.000010
14 0.000010
14 0.000010
14 0.000010
14 0.000011
14 0.000009
14 0.000010
14 0.000009
14 0.000010
14 0.000010
14 0.000009
14 0.000010
14 0.000010
14 0.000011
14 0.000009
14 0.000010
15 0.000021
15 0.000017
15 0.000016
15 0.000016
15 0.000016
15 0.000014
15 0.000015
15 0.000014
15 0.000015
15 0.000016
15 0.000016
15 0.000014
15 0.000015
15 0.000014
15 0.000015
15 0.000017
15 0.000015
15 0.000015
15 0.000014
15 0.000016
16 0.000027
16 0.000023
16 0.000023
16 0.000021
16 0.000021
16 0.000021
16 0.000021
16 0.000019
16 0.000020
16 0.000021
16 0.000021
16 0.000021
16 0.000021
16 0.000021
16 0.000020
16 0.000020
16 0.000019
16 0.000019
16 0.000021
16 0.000021
17 0.000045
17 0.000035
17 0.000034
17 0.000032
17 0.000032
17 0.000031
17 0.000034
17 0.000031
17 0.000031
17 0.000031
17 0.000030
17 0.000029
17 0.000030
17 0.000031
17 0.000034
17 0.000043
17 0.000025
17 0.000025
17 0.000024
17 0.000024
18 0.000051
18 0.000043
18 0.000037
18 0.000037
18 0.000037
18 0.000037
18 0.000035
18 0.000035
18 0.000035
18 0.000036
18 0.000036
18 0.000036
18 0.000035
18 0.000034
18 0.000036
18 0.000036
18 0.000034
18 0.000036
18 0.000034
18 0.000034
19 0.000077
19 0.000062
19 0.000063
19 0.000058
19 0.000060
19 0.000061
19 0.000059
19 0.000059
19 0.000062
19 0.000058
19 0.000060
19 0.000061
19 0.000058
19 0.000059
19 0.000061
19 0.000057
19 0.000060
19 0.000060
19 0.000055
19 0.000058
20 0.000114
20 0.000087
20 0.000082
20 0.000084
20 0.000083
20 0.000083
20 0.000084
20 0.000081
20 0.000078
20 0.000082
20 0.000079
20 0.000078
20 0.000084
20 0.000082
20 0.000080
20 0.000077
20 0.000080
20 0.000080
20 0.000084
20 0.000081
21 0.000162
21 0.000139
21 0.000135
21 0.000135
21 0.000133
21 0.000133
21 0.000136
21 0.000137
21 0.000129
21 0.000136
21 0.000132
21 0.000138
21 0.000135
21 0.000133
21 0.000135
21 0.000136
21 0.000129
21 0.000131
21 0.000135
21 0.000134
22 0.000211
22 0.000191
22 0.000188
22 0.000179
22 0.000191
22 0.000183
22 0.000187
22 0.000188
22 0.000189
22 0.000191
22 0.000180
22 0.000200
22 0.000177
22 0.000178
22 0.000176
22 0.000178
22 0.000180
22 0.000176
22 0.000181
22 0.000183
23 0.000383
23 0.000316
23 0.000290
23 0.000302
23 0.000298
23 0.000296
23 0.000294
23 0.000292
23 0.000302
23 0.000292
23 0.000289
23 0.000304
23 0.000279
23 0.000285
23 0.000302
23 0.000277
23 0.000270
23 0.000281
23 0.000295
23 0.000270
24 0.000391
24 0.000373
24 0.000366
24 0.000348
24 0.000347
24 0.000351
24 0.000346
24 0.000354
24 0.000347
24 0.000357
24 0.000355
24 0.000355
24 0.000350
24 0.000355
24 0.000354
24 0.000343
24 0.000362
24 0.000356
24 0.000357
24 0.000365
25 0.000571
25 0.000504
25 0.000513
25 0.000510
25 0.000511
25 0.000514
25 0.000504
25 0.000502
25 0.000502
25 0.000522
25 0.000492
25 0.000518
25 0.000497
25 0.000495
25 0.000525
25 0.000505
25 0.000511
25 0.000516
25 0.000507
25 0.000508
26 0.000823
26 0.000762
26 0.000758
26 0.000767
26 0.000780
26 0.000779
26 0.000765
26 0.000757
26 0.000799
26 0.000776
26 0.000766
26 0.000767
26 0.000783
26 0.000741
26 0.000751
26 0.000771
26 0.000724
26 0.000721
26 0.000712
26 0.000706
27 0.001186
27 0.001040
27 0.001034
27 0.001025
27 0.001497
27 0.001279
27 0.001309
27 0.000991
27 0.000944
27 0.000970
27 0.000991
27 0.001007
27 0.001016
27 0.001021
27 0.001013
27 0.001005
27 0.000992
27 0.001026
27 0.001060
27 0.001463
28 0.002256
28 0.001812
28 0.001689
28 0.001421
28 0.001434
28 0.001403
28 0.001371
28 0.001429
28 0.001399
28 0.001464
28 0.001687
28 0.001918
28 0.001554
28 0.001453
28 0.001439
28 0.001396
28 0.001441
28 0.001381
28 0.001414
28 0.001404
29 0.003110
29 0.003064
29 0.002327
29 0.002423
29 0.002174
29 0.002141
29 0.002193
29 0.002161
29 0.002203
29 0.002171
29 0.002149
29 0.002275
29 0.002208
29 0.002259
29 0.002161
29 0.002324
29 0.002232
29 0.002189
29 0.002196
29 0.002146
30 0.003206
30 0.003195
30 0.003053
30 0.003189
30 0.003057
30 0.003263
30 0.003272
30 0.004029
30 0.004684
30 0.003638
30 0.003136
30 0.003226
30 0.005149
30 0.003504
30 0.003160
30 0.003083
30 0.003194
30 0.003047
30 0.003165
30 0.003220
31 0.005112
31 0.005746
31 0.005075
31 0.005203
31 0.006348
31 0.005234
31 0.005845
31 0.007583
31 0.005543
31 0.005162
31 0.005677
31 0.005223
31 0.005881
31 0.005274
31 0.005017
31 0.004795
31 0.005487
31 0.004954
31 0.004909
31 0.005046
32 0.007488
32 0.006907
32 0.006856
32 0.006585
32 0.007189
32 0.006913
32 0.006998
32 0.006963
32 0.007180
32 0.006966
32 0.006975
32 0.007447
32 0.007108
32 0.007506
32 0.007189
32 0.006991
32 0.007002
32 0.006545
32 0.006691
32 0.006320
33 0.012211
33 0.010604
33 0.011313
33 0.010819
33 0.011230
33 0.011640
33 0.010928
33 0.010422
33 0.011041
33 0.013137
33 0.011827
33 0.015418
33 0.015414
33 0.014984
33 0.012579
33 0.013501
33 0.012180
33 0.012216
33 0.012585
33 0.013589
34 0.016424
34 0.018042
34 0.016032
34 0.017299
34 0.016773
34 0.016265
34 0.017035
34 0.016436
34 0.015853
34 0.016749
34 0.017838
34 0.016897
34 0.016991
34 0.020886
34 0.023006
34 0.021275
34 0.020236
34 0.020417
34 0.017815
34 0.017564
35 0.029649
35 0.033976
35 0.034193
35 0.031280
35 0.031506
35 0.027447
35 0.029486
35 0.033251
35 0.031686
35 0.030327
35 0.028498
35 0.031797
35 0.029969
35 0.029342
35 0.031958
35 0.030209
35 0.031450
35 0.030254
35 0.029908
35 0.030918
36 0.040034
36 0.041504
36 0.039422
36 0.044355
36 0.038765
36 0.038551
36 0.037591
36 0.036124
36 0.037149
36 0.035898
36 0.040020
36 0.041158
36 0.039822
36 0.040537
36 0.038211
36 0.036988
36 0.038378
36 0.036760
36 0.039205
36 0.037225
37 0.065721
37 0.068067
37 0.057342
37 0.061222
37 0.057839
37 0.059195
37 0.064028
37 0.062697
37 0.059211
37 0.058240
37 0.058438
37 0.062542
37 0.057363
37 0.059693
37 0.063039
37 0.058108
37 0.058351
37 0.057530
37 0.059374
37 0.058439
38 0.079647
38 0.078166
38 0.079511
38 0.090221
38 0.085972
38 0.081015
38 0.087859
38 0.093023
38 0.102257
38 0.103835
38 0.093004
38 0.077150
38 0.075751
38 0.085762
38 0.090095
38 0.090928
38 0.108618
38 0.110761
38 0.101306
38 0.087092
39 0.131819
39 0.122008
39 0.121320
39 0.152749
39 0.138113
39 0.143257
39 0.135996
39 0.141197
39 0.142031
39 0.124980
39 0.119399
39 0.127261
39 0.156792
39 0.159498
39 0.137339
39 0.121183
39 0.152650
39 0.153045
39 0.162669
39 0.158519
40 0.231646
40 0.210636
40 0.192728
40 0.233256
40 0.198528
40 0.233786
40 0.229692
40 0.225524
40 0.229852
40 0.224744
40 0.228512
40 0.228867
40 0.219411
40 0.189901
40 0.228429
40 0.210448
40 0.216161
40 0.196290
40 0.193497
40 0.201052
41 0.306466
41 0.350002
41 0.324132
41 0.344749
41 0.308440
41 0.289701
41 0.282344
41 0.288659
41 0.292666
41 0.282954
41 0.286466
41 0.275968
41 0.294508
41 0.300667
41 0.289897
41 0.295380
41 0.304373
41 0.282126
41 0.279273
41 0.283581
42 0.401656
42 0.391260
42 0.409845
42 0.406658
42 0.399733
42 0.413352
42 0.405114
42 0.392021
42 0.402143
42 0.417960
42 0.417175
42 0.404003
42 0.409927
42 0.383944
42 0.443349
42 0.484623
42 0.492289
42 0.410089
42 0.393306
42 0.428904
43 0.760618
43 0.747528
43 0.664136
43 0.644856
43 0.624901
43 0.608428
43 0.646530
43 0.728479
43 0.756669
43 0.742196
43 0.667352
43 0.668921
43 0.730729
43 0.721955
43 0.754393
43 0.691644
43 0.736815
43 0.643857
43 0.700615
43 0.688922
44 0.954953
44 0.944429
44 0.991727
44 0.983241
44 0.978365
44 0.932796
44 0.887033
44 0.850556
44 0.853427
44 1.016589
44 1.038887
44 0.932780
44 0.837669
44 0.877188
44 0.878646
44 0.892419
44 0.861351
44 0.891844
44 0.873987
44 0.900023
45 1.568787
45 1.448300
45 1.461124
45 1.413695
45 1.422648
45 1.422023
45 1.393109
45 1.427491
45 1.434468
45 1.409481
45 1.339938
45 1.368741
45 1.350883
45 1.362558
45 1.482414
45 1.449452
45 1.450892
45 1.526906
45 1.477783
45 1.502382
46 2.024031
46 2.005594
46 2.005126
46 2.005316
46 2.069972
46 2.016783
46 1.982317
46 1.895466
46 2.027934
46 2.035768
46 2.040793
46 1.875431
46 1.823507
46 1.960017
46 1.819028
46 2.055973
46 1.908453
46 1.989109
46 2.128892
46 2.043473
47 3.451347
47 3.257890
47 3.336859
47 3.499618
47 3.057767
47 2.977864
47 3.372810
47 3.393127
47 3.168901
47 2.879231
47 2.873530
47 3.063189
47 3.359916
47 3.311639
47 2.901996
47 2.954638
47 3.242951
47 3.234458
47 3.250185
47 3.150932
48 4.436103
48 4.116988
48 4.405246
48 4.651450
48 4.512547
48 4.241835
48 3.918532
48 4.240091
48 4.471952
48 3.999451
48 4.117486
48 3.834186
48 4.088319
48 4.232794
48 4.491333
48 3.818026
48 3.943187
48 4.129875
48 4.171481
48 3.851089
49 6.393789
49 5.965193
49 5.835831
49 5.645976
49 5.786268
49 5.729594
49 5.864600
49 5.749564
49 5.852492
49 5.716766
49 5.618217
49 5.811043
49 5.751500
49 5.893602
49 5.844488
49 5.767793
49 5.751537
49 5.893713
49 5.790617
49 5.835761
50 8.347254
50 8.253026
50 8.197790
50 8.197337
50 8.326196
50 8.210358
50 8.135371
50 8.185706
50 8.149506
50 8.145413
50 8.384465
50 8.274670
50 8.266865
50 8.275786
50 8.132986
50 8.109656
50 8.355102
50 8.122895
50 8.044680
50 8.044526
51 12.978387
51 12.795720
51 12.818886
51 12.828376
51 12.720955
51 12.765331
51 12.792362
51 12.813708
51 12.919170
51 12.894575
51 12.929534
51 12.752741
51 12.846308
51 12.902340
51 12.700970
51 12.940374
51 12.832907
51 12.831351
51 13.059759
51 12.963049
52 18.626914
52 18.497348
52 18.553585
52 18.272008
52 18.532755
52 18.522856
52 18.568573
52 18.491939
52 18.447445
52 18.502069
52 18.556679
52 18.357580
52 18.624577
52 18.484571
52 18.500189
52 18.545811
52 18.607154
52 18.381738
52 18.372300
52 18.455559
53 28.925485
53 28.916588
53 28.866785
53 28.779144
53 28.862815
53 29.063051
53 29.106325
53 28.724359
53 29.023235
53 28.632342
53 29.087825
53 28.982729
53 29.120910
53 28.908299
53 28.972590
53 29.085511
53 28.990309
53 28.988601
53 29.125184
53 29.221629
54 38.415257
54 38.502112
54 38.419824
54 38.397045
54 38.028208
54 37.961072
54 38.570169
54 38.395052
54 38.128984
54 38.087854
54 38.322059
54 38.399553
54 38.985416
54 38.435490
54 38.446645
54 38.003116
54 38.188644
54 38.484103
54 38.295767
54 38.564036
55 62.276968
55 62.308766
55 62.216481
55 61.386263
55 61.729725
55 61.602900
55 61.950713
55 61.519308
55 62.242011
55 61.192352
55 61.525157
55 62.339157
55 61.513302
55 61.816727
55 61.702242
55 62.389034
55 61.528553
55 61.883770
55 61.538934
55 62.462446
56 85.727241
56 85.060535
56 85.355719
56 84.715990
56 84.742687
56 85.816401
56 85.377955
56 84.817112
56 84.505049
56 84.687191
56 84.768074
56 85.566797
56 84.391319
56 85.435321
56 85.610431
56 84.968335
56 85.582101
56 85.031900
56 84.979777
56 85.452361
57 143.687381
57 131.217950
57 126.780403
57 128.189138
57 128.069414
57 127.983019
57 126.703992
57 126.510908
57 127.340904
57 126.757640
57 128.361309
57 126.837310
57 126.972094
57 127.788367
57 128.152987
57 128.853436
57 127.334742
57 128.602430
57 137.370840
57 147.018713
