10 0.000047
10 0.000005
10 0.000005
10 0.000003
10 0.000010
10 0.000005
10 0.000004
10 0.000004
10 0.000003
10 0.000003
10 0.000005
10 0.000003
10 0.000006
10 0.000005
10 0.000004
10 0.000005
10 0.000005
10 0.000006
10 0.000005
10 0.000003
11 0.000004
11 0.000004
11 0.000004
11 0.000015
11 0.000008
11 0.000007
11 0.000004
11 0.000005
11 0.000003
11 0.000004
11 0.000004
11 0.000005
11 0.000004
11 0.000004
11 0.000003
11 0.000003
11 0.000003
11 0.000014
11 0.000019
11 0.000005
12 0.000015
12 0.000008
12 0.000005
12 0.000005
12 0.000004
12 0.000005
12 0.000005
12 0.000006
12 0.000006
12 0.000006
12 0.000005
12 0.000004
12 0.000005
12 0.000004
12 0.000004
12 0.000006
12 0.000009
12 0.000006
12 0.000005
12 0.000005
13 0.000006
13 0.000007
13 0.000007
13 0.000005
13 0.000003
13 0.000007
13 0.000004
13 0.000004
13 0.000005
13 0.000005
13 0.000005
13 0.000004
13 0.000004
13 0.000004
13 0.000005
13 0.000006
13 0.000006
13 0.000005
13 0.000006
13 0.000011
14 0.000014
14 0.000011
14 0.000012
14 0.000006
14 0.000007
14 0.000009
14 0.000008
14 0.000007
14 0.000007
14 0.000008
14 0.000007
14 0.000009
14 0.000004
14 0.000007
14 0.000004
14 0.000004
14 0.000008
14 0.000006
14 0.000005
14 0.000005
15 0.000008
15 0.000008
15 0.000008
15 0.000010
15 0.000005
15 0.000011
15 0.000013
15 0.000006
15 0.000011
15 0.000013
15 0.000009
15 0.000009
15 0.000008
15 0.000010
15 0.000012
15 0.000008
15 0.000004
15 0.000008
15 0.000008
15 0.000009
16 0.000013
16 0.000011
16 0.000010
16 0.000014
16 0.000011
16 0.000011
16 0.000009
16 0.000008
16 0.000007
16 0.000009
16 0.000014
16 0.000011
16 0.000013
16 0.000005
16 0.000012
16 0.000016
16 0.000005
16 0.000017
16 0.000018
16 0.000013
17 0.000014
17 0.000016
17 0.000018
17 0.000020
17 0.000011
17 0.000023
17 0.000032
17 0.000042
17 0.000013
17 0.000027
17 0.000029
17 0.000015
17 0.000013
17 0.000033
17 0.000009
17 0.000014
17 0.000015
17 0.000025
17 0.000013
17 0.000012
18 0.000033
18 0.000040
18 0.000023
18 0.000017
18 0.000023
18 0.000022
18 0.000026
18 0.000025
18 0.000020
18 0.000015
18 0.000033
18 0.000012
18 0.000029
18 0.000026
18 0.000020
18 0.000033
18 0.000012
18 0.000042
18 0.000019
18 0.000020
19 0.000050
19 0.000025
19 0.000029
19 0.000052
19 0.000046
19 0.000026
19 0.000043
19 0.000021
19 0.000042
19 0.000049
19 0.000015
19 0.000030
19 0.000026
19 0.000022
19 0.000018
19 0.000045
19 0.000021
19 0.000024
19 0.000023
19 0.000025
20 0.000009
20 0.000037
20 0.000059
20 0.000037
20 0.000067
20 0.000031
20 0.000010
20 0.000052
20 0.000052
20 0.000087
20 0.000038
20 0.000029
20 0.000074
20 0.000024
20 0.000039
20 0.000066
20 0.000074
20 0.000058
20 0.000038
20 0.000044
21 0.000094
21 0.000057
21 0.000058
21 0.000079
21 0.000084
21 0.000070
21 0.000086
21 0.000053
21 0.000089
21 0.000098
21 0.000025
21 0.000062
21 0.000081
21 0.000034
21 0.000043
21 0.000080
21 0.000022
21 0.000037
21 0.000059
21 0.000067
22 0.000079
22 0.000085
22 0.000092
22 0.000034
22 0.000065
22 0.000113
22 0.000126
22 0.000104
22 0.000166
22 0.000041
22 0.000084
22 0.000161
22 0.000163
22 0.000100
22 0.000133
22 0.000191
22 0.000073
22 0.000137
22 0.000188
22 0.000107
23 0.000220
23 0.000136
23 0.000145
23 0.000097
23 0.000269
23 0.000162
23 0.000205
23 0.000190
23 0.000273
23 0.000265
23 0.000133
23 0.000200
23 0.000068
23 0.000072
23 0.000222
23 0.000209
23 0.000078
23 0.000163
23 0.000165
23 0.000227
24 0.000258
24 0.000087
24 0.000293
24 0.000304
24 0.000167
24 0.000150
24 0.000263
24 0.000335
24 0.000196
24 0.000365
24 0.000210
24 0.000160
24 0.000185
24 0.000183
24 0.000305
24 0.000187
24 0.000265
24 0.000154
24 0.000206
24 0.000189
25 0.000215
25 0.000036
25 0.000206
25 0.000086
25 0.000299
25 0.000233
25 0.000103
25 0.000231
25 0.000281
25 0.000216
25 0.000302
25 0.000165
25 0.000092
25 0.000395
25 0.000439
25 0.000215
25 0.000237
25 0.000284
25 0.000464
25 0.000375
26 0.000693
26 0.000574
26 0.000534
26 0.000152
26 0.000559
26 0.000286
26 0.000269
26 0.000416
26 0.000735
26 0.000453
26 0.000394
26 0.000293
26 0.000340
26 0.000307
26 0.000467
26 0.000349
26 0.000351
26 0.000620
26 0.000506
26 0.000289
27 0.001053
27 0.001056
27 0.000513
27 0.000950
27 0.000545
27 0.000860
27 0.001000
27 0.000575
27 0.000313
27 0.000910
27 0.000855
27 0.000791
27 0.000730
27 0.000501
27 0.000608
27 0.000831
27 0.000671
27 0.000641
27 0.000897
27 0.000492
28 0.000831
28 0.000564
28 0.000835
28 0.000294
28 0.001187
28 0.001036
28 0.000755
28 0.000720
28 0.001055
28 0.001364
28 0.000811
28 0.000872
28 0.000898
28 0.000669
28 0.000557
28 0.000807
28 0.000595
28 0.000758
28 0.000692
28 0.000776
29 0.001376
29 0.001382
29 0.001297
29 0.000293
29 0.000670
29 0.001922
29 0.001928
29 0.001024
29 0.000508
29 0.001228
29 0.001660
29 0.001771
29 0.001496
29 0.001551
29 0.001053
29 0.000666
29 0.002128
29 0.001376
29 0.001010
29 0.000761
30 0.001346
30 0.001480
30 0.000091
30 0.002280
30 0.001731
30 0.001608
30 0.001084
30 0.001813
30 0.003035
30 0.001272
30 0.002365
30 0.001402
30 0.002502
30 0.003019
30 0.001221
30 0.001201
30 0.001662
30 0.000919
30 0.001767
30 0.001981
31 0.002148
31 0.001926
31 0.000913
31 0.002555
31 0.003325
31 0.003962
31 0.003278
31 0.004011
31 0.003162
31 0.003697
31 0.002362
31 0.003081
31 0.002509
31 0.001651
31 0.001667
31 0.003229
31 0.003843
31 0.005067
31 0.001879
31 0.003815
32 0.002299
32 0.002634
32 0.004185
32 0.005071
32 0.003473
32 0.003366
32 0.006128
32 0.002628
32 0.005190
32 0.002169
32 0.003107
32 0.001913
32 0.004129
32 0.000986
32 0.002450
32 0.002735
32 0.002600
32 0.003585
32 0.005159
32 0.002611
33 0.001672
33 0.004591
33 0.004440
33 0.003850
33 0.005354
33 0.006057
33 0.003609
33 0.003383
33 0.001963
33 0.004357
33 0.007393
33 0.003483
33 0.007632
33 0.001374
33 0.007858
33 0.004974
33 0.003745
33 0.005015
33 0.002120
33 0.004412
34 0.006824
34 0.005602
34 0.001493
34 0.010014
34 0.006912
34 0.011933
34 0.009832
34 0.002599
34 0.007206
34 0.013132
34 0.004257
34 0.006900
34 0.003222
34 0.005916
34 0.006446
34 0.007701
34 0.002568
34 0.008439
34 0.008390
34 0.001935
35 0.008612
35 0.008764
35 0.014721
35 0.016175
35 0.011887
35 0.009524
35 0.010372
35 0.011911
35 0.004103
35 0.014990
35 0.017647
35 0.011257
35 0.008045
35 0.008961
35 0.003051
35 0.015478
35 0.017541
35 0.009291
35 0.014613
35 0.013771
36 0.011329
36 0.019433
36 0.008255
36 0.008156
36 0.023605
36 0.013880
36 0.012499
36 0.014219
36 0.016211
36 0.006441
36 0.011461
36 0.015797
36 0.004522
36 0.016605
36 0.020017
36 0.007728
36 0.008225
36 0.008711
36 0.021786
36 0.017229
37 0.018234
37 0.027234
37 0.030948
37 0.007741
37 0.021555
37 0.033496
37 0.023744
37 0.024987
37 0.032139
37 0.035076
37 0.024378
37 0.030098
37 0.018087
37 0.027382
37 0.007299
37 0.027743
37 0.014694
37 0.007061
37 0.022391
37 0.004155
38 0.040666
38 0.053717
38 0.065772
38 0.045323
38 0.039926
38 0.059345
38 0.024305
38 0.031489
38 0.048875
38 0.053316
38 0.033269
38 0.017180
38 0.047829
38 0.052681
38 0.021516
38 0.023610
38 0.018824
38 0.039569
38 0.030698
38 0.033282
39 0.069903
39 0.044137
39 0.068118
39 0.083316
39 0.082249
39 0.029375
39 0.041740
39 0.044902
39 0.072163
39 0.060441
39 0.091954
39 0.024549
39 0.031702
39 0.046858
39 0.072488
39 0.040290
39 0.064543
39 0.059166
39 0.049566
39 0.009919
40 0.026722
40 0.009614
40 0.102799
40 0.098877
40 0.093910
40 0.033005
40 0.100994
40 0.114404
40 0.076642
40 0.074414
40 0.013981
40 0.122060
40 0.078981
40 0.034959
40 0.046179
40 0.058372
40 0.069148
40 0.101070
40 0.060818
40 0.053243
41 0.138350
41 0.051583
41 0.098809
41 0.020753
41 0.107724
41 0.064718
41 0.046941
41 0.033117
41 0.143672
41 0.121832
41 0.023340
41 0.061210
41 0.100335
41 0.087134
41 0.086393
41 0.115505
41 0.111638
41 0.094950
41 0.072580
41 0.020646
42 0.126836
42 0.157648
42 0.174323
42 0.203970
42 0.271795
42 0.157142
42 0.126828
42 0.221604
42 0.077817
42 0.252617
42 0.100091
42 0.061868
42 0.090806
42 0.196218
42 0.122099
42 0.167241
42 0.123606
42 0.181506
42 0.221940
42 0.215300
43 0.132152
43 0.142882
43 0.238095
43 0.284884
43 0.090246
43 0.284158
43 0.290362
43 0.190842
43 0.154285
43 0.096579
43 0.255783
43 0.063634
43 0.240654
43 0.065105
43 0.120563
43 0.320204
43 0.111322
43 0.066379
43 0.269353
43 0.263731
44 0.313328
44 0.158643
44 0.300664
44 0.176777
44 0.239224
44 0.308965
44 0.419381
44 0.423918
44 0.045328
44 0.310276
44 0.517738
44 0.327932
44 0.447417
44 0.232823
44 0.359572
44 0.483947
44 0.422547
44 0.493268
44 0.270321
44 0.471102
45 0.780340
45 0.604263
45 0.409031
45 0.199747
45 0.243652
45 0.296134
45 0.658092
45 0.312374
45 0.441077
45 0.416388
45 0.619981
45 0.485998
45 0.528666
45 0.431277
45 0.535192
45 0.200094
45 0.544187
45 0.422587
45 0.434972
45 0.475812
46 0.549006
46 0.629774
46 0.430854
46 0.789184
46 0.379868
46 0.480729
46 0.123637
46 0.384522
46 0.701475
46 0.586892
46 0.568469
46 1.077561
46 0.915828
46 0.404932
46 0.677928
46 0.159714
46 0.401486
46 0.911269
46 0.512975
46 0.156558
47 1.113610
47 1.042119
47 0.515256
47 0.470591
47 1.512466
47 1.023994
47 1.321154
47 0.775272
47 0.952496
47 1.286769
47 0.892951
47 0.982697
47 1.680373
47 1.211290
47 0.943599
47 1.056721
47 1.164992
47 0.836378
47 1.136823
47 1.381149
48 1.989505
48 1.128757
48 1.013560
48 0.827399
48 0.523797
48 1.177453
48 2.275703
48 1.382399
48 1.320060
48 0.598966
48 1.410107
48 0.946965
48 1.944039
48 1.548064
48 0.927360
48 1.049926
48 0.738012
48 1.074104
48 1.140354
48 1.665377
49 1.425460
49 3.937579
49 1.303194
49 2.588712
49 0.899324
49 3.029175
49 3.006133
49 1.497901
49 0.640981
49 1.253722
49 1.293489
49 1.108404
49 2.698567
49 2.903061
49 1.339029
49 0.781474
49 2.759776
49 1.026951
49 0.507857
49 3.512986
50 2.608576
50 1.899982
50 2.605398
50 4.728692
50 2.217443
50 3.503184
50 3.350356
50 2.217933
50 3.654729
50 4.818358
50 2.896747
50 1.254882
50 0.922039
50 3.275927
50 0.891384
50 5.397844
50 1.683306
50 2.694870
50 1.209985
50 2.931893
51 4.068425
51 3.365510
51 1.049395
51 7.127036
51 4.957281
51 4.731590
51 8.402765
51 2.846716
51 2.559666
51 2.287661
51 1.331869
51 6.577883
51 6.350844
51 5.239299
51 5.950513
51 1.638776
51 2.349747
51 5.294493
51 2.342746
51 6.218713
52 2.085377
52 11.510050
52 8.181260
52 4.071025
52 6.525172
52 3.672821
52 8.533531
52 7.520946
52 0.404085
52 3.102902
52 6.282214
52 7.204773
52 3.973654
52 9.489689
52 8.382803
52 7.064211
52 8.452301
52 8.658795
52 5.603042
52 2.541343
53 15.337089
53 12.885388
53 7.364995
53 5.171348
53 13.249548
53 15.088880
53 4.378743
53 9.754032
53 9.433023
53 15.038852
53 12.444808
53 16.077682
53 5.006712
53 6.254206
53 6.307458
53 11.067272
53 3.109156
53 9.690457
53 15.379330
53 13.924554
54 6.964152
54 13.062900
54 4.722859
54 12.554765
54 19.358653
54 15.545478
54 15.014375
54 11.775753
54 19.203975
54 5.333550
54 12.295778
54 6.455861
54 12.034569
54 14.969487
54 5.070425
54 19.562756
54 13.051253
54 16.131278
54 20.820577
54 8.579425
55 28.828327
55 25.428985
55 24.952906
55 21.471218
55 32.398234
55 27.812306
55 11.138668
55 18.542415
55 14.379923
55 22.089313
55 12.360857
55 11.040820
55 25.343564
55 25.929188
55 32.911450
55 16.812270
55 30.675046
55 16.646542
55 6.118269
55 20.664494
56 45.370245
56 8.209038
56 4.305442
56 17.627973
56 37.961316
56 32.982869
56 6.241876
56 27.979584
56 26.549459
56 24.607728
56 38.816603
56 24.450506
56 22.313356
56 5.049673
56 37.128094
56 22.583354
56 15.431215
56 20.699602
56 17.939211
56 6.289778
57 38.764302
57 32.875366
57 39.750858
57 19.261895
57 49.885879
57 27.003652
57 43.919739
57 53.815782
57 58.627925
57 4.016793
57 48.996485
57 19.049749
57 56.398382
57 10.908875
57 27.937838
57 46.530262
57 37.548709
57 29.031717
57 54.157176
57 29.352103
