10 0.000040
10 0.000005
10 0.000005
10 0.000003
10 0.000004
10 0.000005
10 0.000004
10 0.000005
10 0.000005
10 0.000004
10 0.000005
10 0.000003
10 0.000005
10 0.000004
10 0.000005
10 0.000004
10 0.000004
10 0.000004
10 0.000005
10 0.000004
11 0.000009
11 0.000007
11 0.000005
11 0.000005
11 0.000005
11 0.000006
11 0.000005
11 0.000006
11 0.000004
11 0.000006
11 0.000005
11 0.000005
11 0.000005
11 0.000005
11 0.000004
11 0.000005
11 0.000005
11 0.000005
11 0.000005
11 0.000006
12 0.000010
12 0.000007
12 0.000006
12 0.000007
12 0.000006
12 0.000006
12 0.000006
12 0.000006
12 0.000006
12 0.000007
12 0.000006
12 0.000007
12 0.000005
12 0.000006
12 0.000007
12 0.000005
12 0.000006
12 0.000006
12 0.000005
12 0.000006
13 0.000011
13 0.000009
13 0.000012
13 0.000038
13 0.000010
13 0.000009
13 0.000008
13 0.000009
13 0.000007
13 0.000008
13 0.000008
13 0.000008
13 0.000007
13 0.000008
13 0.000008
13 0.000008
13 0.000007
13 0.000008
13 0.000008
13 0.000008
14 0.000015
14 0.000013
14 0.000012
14 0.000010
14 0.000012
14 0.000011
14 0.000010
14 0.000011
14 0.000010
14 0.000012
14 0.000012
14 0.000012
14 0.000009
14 0.000010
14 0.000010
14 0.000011
14 0.000010
14 0.000011
14 0.000010
14 0.000010
15 0.000022
15 0.000018
15 0.000016
15 0.000017
15 0.000015
15 0.000015
15 0.000017
15 0.000015
15 0.000015
15 0.000015
15 0.000015
15 0.000015
15 0.000016
15 0.000015
15 0.000015
15 0.000014
15 0.000015
15 0.000017
15 0.000015
15 0.000015
16 0.000028
16 0.000022
16 0.000023
16 0.000022
16 0.000021
16 0.000020
16 0.000020
16 0.000020
16 0.000021
16 0.000019
16 0.000021
16 0.000020
16 0.000020
16 0.000018
16 0.000021
16 0.000021
16 0.000018
16 0.000021
16 0.000022
16 0.000020
17 0.000045
17 0.000035
17 0.000035
17 0.000033
17 0.000031
17 0.000032
17 0.000033
17 0.000033
17 0.000031
17 0.000032
17 0.000033
17 0.000030
17 0.000030
17 0.000033
17 0.000033
17 0.000053
17 0.000025
17 0.000028
17 0.000025
17 0.000025
18 0.000049
18 0.000042
18 0.000040
18 0.000039
18 0.000037
18 0.000037
18 0.000037
18 0.000038
18 0.000039
18 0.000035
18 0.000037
18 0.000035
18 0.000036
18 0.000035
18 0.000035
18 0.000036
18 0.000034
18 0.000038
18 0.000034
18 0.000035
19 0.000083
19 0.000065
19 0.000065
19 0.000065
19 0.000063
19 0.000060
19 0.000061
19 0.000060
19 0.000061
19 0.000063
19 0.000057
19 0.000061
19 0.000059
19 0.000058
19 0.000057
19 0.000061
19 0.000057
19 0.000059
19 0.000057
19 0.000058
20 0.000099
20 0.000088
20 0.000086
20 0.000083
20 0.000085
20 0.000082
20 0.000078
20 0.000084
20 0.000083
20 0.000084
20 0.000080
20 0.000079
20 0.000084
20 0.000080
20 0.000081
20 0.000084
20 0.000083
20 0.000082
20 0.000081
20 0.000081
21 0.000172
21 0.000142
21 0.000138
21 0.000144
21 0.000140
21 0.000139
21 0.000142
21 0.000136
21 0.000140
21 0.000144
21 0.000133
21 0.000137
21 0.000140
21 0.000133
21 0.000148
21 0.000135
21 0.000128
21 0.000130
21 0.000131
21 0.000133
22 0.000207
22 0.000191
22 0.000192
22 0.000182
22 0.000188
22 0.000189
22 0.000185
22 0.000185
22 0.000186
22 0.000179
22 0.000184
22 0.000189
22 0.000187
22 0.000183
22 0.000188
22 0.000193
22 0.000199
22 0.000179
22 0.000185
22 0.000176
23 0.000329
23 0.000252
23 0.000248
23 0.000246
23 0.000259
23 0.000257
23 0.000249
23 0.000247
23 0.000266
23 0.000244
23 0.000235
23 0.000242
23 0.000232
23 0.000229
23 0.000243
23 0.000241
23 0.000232
23 0.000236
23 0.000241
23 0.000244
24 0.000380
24 0.000348
24 0.000364
24 0.000366
24 0.000351
24 0.000350
24 0.000360
24 0.000368
24 0.000355
24 0.000363
24 0.000359
24 0.000354
24 0.000355
24 0.000355
24 0.000364
24 0.000355
24 0.000358
24 0.000352
24 0.000354
24 0.000351
25 0.000622
25 0.000543
25 0.000560
25 0.000547
25 0.000566
25 0.000560
25 0.000550
25 0.000564
25 0.000567
25 0.000557
25 0.000565
25 0.000558
25 0.000548
25 0.000580
25 0.000583
25 0.000561
25 0.000697
25 0.000629
25 0.000582
25 0.000578
26 0.000846
26 0.000802
26 0.000803
26 0.000767
26 0.000776
26 0.000740
26 0.000715
26 0.000722
26 0.000736
26 0.000702
26 0.000779
26 0.000737
26 0.000655
26 0.000633
26 0.000651
26 0.000706
26 0.001079
26 0.001468
26 0.001472
26 0.000856
27 0.001245
27 0.001360
27 0.001080
27 0.001086
27 0.001037
27 0.001082
27 0.001072
27 0.001037
27 0.001048
27 0.001184
27 0.001198
27 0.001498
27 0.001345
27 0.000998
27 0.001029
27 0.001142
27 0.001032
27 0.001028
27 0.001259
27 0.001062
28 0.001564
28 0.001357
28 0.001372
28 0.001334
28 0.001759
28 0.001968
28 0.001363
28 0.001356
28 0.001384
28 0.001472
28 0.001363
28 0.001368
28 0.001373
28 0.001353
28 0.001598
28 0.002113
28 0.001636
28 0.001408
28 0.001399
28 0.001559
29 0.002662
29 0.002308
29 0.002315
29 0.002389
29 0.002442
29 0.002276
29 0.002329
29 0.002245
29 0.002223
29 0.002269
29 0.002306
29 0.002223
29 0.002213
29 0.002227
29 0.002192
29 0.002263
29 0.002244
29 0.002327
29 0.002529
29 0.002432
30 0.003160
30 0.002999
30 0.002919
30 0.003120
30 0.003349
30 0.002989
30 0.002951
30 0.003120
30 0.003190
30 0.003263
30 0.003051
30 0.002939
30 0.003004
30 0.003039
30 0.003032
30 0.002918
30 0.002982
30 0.002887
30 0.002936
30 0.002976
31 0.005955
31 0.005127
31 0.004770
31 0.004922
31 0.004877
31 0.004838
31 0.005132
31 0.005140
31 0.004851
31 0.005039
31 0.005215
31 0.004841
31 0.004761
31 0.004964
31 0.004960
31 0.005085
31 0.005531
31 0.004968
31 0.004778
31 0.004959
32 0.007182
32 0.006980
32 0.007995
32 0.007352
32 0.006965
32 0.006881
32 0.007107
32 0.007524
32 0.006851
32 0.006754
32 0.006756
32 0.007920
32 0.006949
32 0.006847
32 0.006698
32 0.006680
32 0.007784
32 0.006646
32 0.007124
32 0.006661
33 0.011595
33 0.011534
33 0.011671
33 0.011375
33 0.011118
33 0.011531
33 0.011825
33 0.011216
33 0.010851
33 0.012000
33 0.013955
33 0.012425
33 0.014525
33 0.013362
33 0.014442
33 0.014431
33 0.012418
33 0.013512
33 0.013464
33 0.013000
34 0.017925
34 0.017390
34 0.017872
34 0.016152
34 0.016847
34 0.019519
34 0.017750
34 0.018046
34 0.017124
34 0.015938
34 0.015930
34 0.015843
34 0.015496
34 0.016039
34 0.016879
34 0.017629
34 0.016003
34 0.021325
34 0.019920
34 0.019232
35 0.036768
35 0.035375
35 0.032741
35 0.027870
35 0.026963
35 0.025408
35 0.025289
35 0.026412
35 0.026179
35 0.026577
35 0.027067
35 0.029594
35 0.029214
35 0.029890
35 0.029784
35 0.030438
35 0.027050
35 0.026559
35 0.026563
35 0.026825
36 0.037278
36 0.037157
36 0.038631
36 0.044818
36 0.041741
36 0.050620
36 0.043599
36 0.040388
36 0.039320
36 0.038945
36 0.037211
36 0.040431
36 0.038231
36 0.042526
36 0.044369
36 0.043178
36 0.042603
36 0.040243
36 0.044720
36 0.041664
37 0.061971
37 0.059517
37 0.056948
37 0.054498
37 0.065156
37 0.066291
37 0.068476
37 0.063729
37 0.066988
37 0.067263
37 0.064248
37 0.064298
37 0.060138
37 0.061639
37 0.064150
37 0.063194
37 0.063141
37 0.055845
37 0.061556
37 0.059378
38 0.087311
38 0.090307
38 0.092233
38 0.085524
38 0.085488
38 0.084110
38 0.088435
38 0.099591
38 0.107066
38 0.104737
38 0.095255
38 0.086594
38 0.078252
38 0.082084
38 0.076345
38 0.074802
38 0.074893
38 0.076429
38 0.076599
38 0.079528
39 0.128245
39 0.119569
39 0.119233
39 0.128697
39 0.130723
39 0.121124
39 0.117705
39 0.119823
39 0.126955
39 0.119462
39 0.121362
39 0.123710
39 0.130791
39 0.118536
39 0.125185
39 0.117519
39 0.148097
39 0.153694
39 0.157806
39 0.158382
40 0.231096
40 0.221420
40 0.207746
40 0.227495
40 0.229018
40 0.217308
40 0.209523
40 0.226799
40 0.230703
40 0.211019
40 0.176037
40 0.200394
40 0.203759
40 0.174926
40 0.186674
40 0.187463
40 0.191519
40 0.192308
40 0.200440
40 0.186881
41 0.305858
41 0.273476
41 0.290972
41 0.277969
41 0.290190
41 0.275338
41 0.262747
41 0.268902
41 0.283965
41 0.305479
41 0.294869
41 0.294107
41 0.317079
41 0.290142
41 0.286072
41 0.274918
41 0.279011
41 0.267389
41 0.271255
41 0.268446
42 0.419652
42 0.433603
42 0.370792
42 0.400758
42 0.439705
42 0.422441
42 0.414209
42 0.424470
42 0.400767
42 0.412111
42 0.404406
42 0.381070
42 0.392018
42 0.383371
42 0.383497
42 0.394320
42 0.401955
42 0.401673
42 0.394696
42 0.383085
43 0.633401
43 0.616860
43 0.617214
43 0.646999
43 0.658464
43 0.651408
43 0.686546
43 0.660241
43 0.657055
43 0.644735
43 0.649831
43 0.642008
43 0.684824
43 0.635529
43 0.652212
43 0.616254
43 0.658277
43 0.646100
43 0.648106
43 0.674363
44 0.912864
44 0.874829
44 0.851869
44 0.883733
44 0.918411
44 0.900623
44 0.882188
44 0.951512
44 0.845089
44 0.911134
44 0.920072
44 0.910643
44 0.915060
44 0.868066
44 0.895766
44 0.886956
44 0.898273
44 0.909811
44 0.867701
44 0.907341
45 1.381602
45 1.348977
45 1.385006
45 1.373238
45 1.351379
45 1.357117
45 1.367824
45 1.394702
45 1.362398
45 1.408596
45 1.363022
45 1.351295
45 1.359223
45 1.338984
45 1.392682
45 1.384717
45 1.390244
45 1.364450
45 1.374216
45 1.360814
46 1.937687
46 1.899785
46 1.876124
46 1.944766
46 1.918694
46 1.954806
46 1.937922
46 1.894496
46 1.916815
46 1.916436
46 1.874771
46 1.962972
46 1.857149
46 1.813410
46 1.924307
46 1.893417
46 1.855842
46 1.912300
46 2.067350
46 1.942079
47 3.192333
47 3.045799
47 2.768683
47 2.759023
47 3.155401
47 2.855248
47 3.026319
47 3.134234
47 3.121048
47 3.166978
47 2.867980
47 2.994675
47 2.949725
47 2.921187
47 2.929796
47 2.944575
47 2.916565
47 2.962367
47 2.985550
47 2.892541
48 4.234146
48 3.938516
48 3.885738
48 3.990773
48 3.856017
48 3.963982
48 3.914488
48 3.778829
48 3.831800
48 3.687239
48 4.074360
48 3.851156
48 3.761689
48 3.735679
48 3.694718
48 3.787441
48 3.721866
48 3.724586
48 3.737898
48 3.665879
49 6.395783
49 6.458104
49 6.355224
49 5.880120
49 5.902658
49 6.409116
49 6.262441
49 5.800827
49 5.752050
49 5.759318
49 5.814587
49 5.977382
49 6.056116
49 6.276889
49 6.506846
49 6.488120
49 6.233309
49 6.265755
49 6.252039
49 6.386270
50 8.479948
50 8.697315
50 8.735377
50 8.746053
50 8.804912
50 8.309834
50 8.205149
50 8.627985
50 9.579079
50 9.824924
50 9.705999
50 10.034727
50 9.704179
50 9.589735
50 9.438546
50 9.785350
50 8.931869
50 8.463975
50 8.417969
50 8.578070
51 14.476002
51 14.580856
51 14.360147
51 14.965361
51 14.415270
51 15.281633
51 15.968868
51 14.782631
51 15.041191
51 15.582894
51 14.637199
51 15.036255
51 15.514554
51 15.042092
51 15.436255
51 15.388071
51 15.003980
51 14.201868
51 14.875108
51 15.644344
52 20.431302
52 20.898279
52 20.560120
52 21.297634
52 21.271519
52 21.394097
52 21.852953
52 22.180285
52 20.738749
52 20.608499
52 21.073640
52 22.148633
52 19.370359
52 19.437655
52 20.166198
52 21.453224
52 20.285594
52 19.527442
52 18.433102
52 18.832236
53 30.750310
53 31.638845
53 31.234092
53 31.865267
53 32.303819
53 31.602803
53 32.838554
53 30.326295
53 30.500343
53 30.935627
53 31.811589
53 32.511608
53 32.029636
53 30.738925
53 31.319927
53 32.633965
53 30.343254
53 28.321340
53 33.501446
53 33.442893
54 45.142036
54 45.756250
54 45.621177
54 44.457339
54 42.402799
54 45.400155
54 44.168724
54 44.248977
54 44.516225
54 42.663641
54 44.568878
54 43.283218
54 43.643938
54 42.878950
54 42.065962
54 46.863870
54 45.541240
54 42.955361
54 40.250387
54 39.267227
55 61.941884
55 61.349910
55 61.230638
55 61.975032
55 61.825861
55 61.359958
55 60.403991
55 61.321726
55 61.038700
55 61.432071
55 62.130548
55 60.736665
55 61.300090
55 61.061626
55 61.444862
55 61.022790
55 61.591562
55 61.023120
55 60.883895
55 61.996691
56 84.688471
56 83.805391
56 83.444489
56 83.714754
56 83.945564
56 83.552588
56 126.997330
56 95.184737
56 100.220218
56 101.182687
56 101.369264
56 100.647838
56 100.527763
56 100.005152
56 101.095592
56 100.525920
56 100.289461
56 100.563360
56 100.203606
56 100.032932
57 151.552141
57 129.718659
57 129.858962
57 129.007658
57 130.126106
57 129.478561
57 129.931235
57 132.488200
57 137.527312
57 128.168780
57 130.183900
57 128.912483
57 129.951152
57 128.998512
57 129.318149
57 130.007060
57 129.931456
57 130.083661
57 130.212484
57 129.719309
