10 0.000039
10 0.000005
10 0.000004
10 0.000004
10 0.000004
10 0.000004
10 0.000003
10 0.000003
10 0.000004
10 0.000003
10 0.000004
10 0.000004
10 0.000003
10 0.000004
10 0.000004
10 0.000002
10 0.000003
10 0.000003
10 0.000004
10 0.000003
11 0.000004
11 0.000005
11 0.000004
11 0.000003
11 0.000004
11 0.000004
11 0.000005
11 0.000003
11 0.000003
11 0.000004
11 0.000006
11 0.000004
11 0.000004
11 0.000003
11 0.000004
11 0.000017
11 0.000004
11 0.000004
11 0.000003
11 0.000003
12 0.000006
12 0.000006
12 0.000003
12 0.000003
12 0.000004
12 0.000005
12 0.000002
12 0.000004
12 0.000004
12 0.000005
12 0.000004
12 0.000004
12 0.000004
12 0.000003
12 0.000004
12 0.000004
12 0.000003
12 0.000004
12 0.000005
12 0.000003
13 0.000005
13 0.000006
13 0.000005
13 0.000004
13 0.000004
13 0.000005
13 0.000004
13 0.000003
13 0.000003
13 0.000005
13 0.000004
13 0.000003
13 0.000005
13 0.000004
13 0.000004
13 0.000002
13 0.000005
13 0.000004
13 0.000006
13 0.000005
14 0.000009
14 0.000010
14 0.000009
14 0.000007
14 0.000005
14 0.000006
14 0.000006
14 0.000005
14 0.000009
14 0.000005
14 0.000007
14 0.000006
14 0.000006
14 0.000006
14 0.000006
14 0.000008
14 0.000005
14 0.000006
14 0.000005
14 0.000004
15 0.000008
15 0.000010
15 0.000008
15 0.000005
15 0.000011
15 0.000003
15 0.000010
15 0.000004
15 0.000008
15 0.000006
15 0.000010
15 0.000006
15 0.000009
15 0.000004
15 0.000009
15 0.000010
15 0.000007
15 0.000005
15 0.000006
15 0.000011
16 0.000014
16 0.000010
16 0.000009
16 0.000008
16 0.000012
16 0.000008
16 0.000011
16 0.000004
16 0.000009
16 0.000012
16 0.000006
16 0.000011
16 0.000013
16 0.000009
16 0.000008
16 0.000008
16 0.000007
16 0.000006
16 0.000012
16 0.000008
17 0.000011
17 0.000013
17 0.000015
17 0.000011
17 0.000013
17 0.000004
17 0.000020
17 0.000011
17 0.000008
17 0.000015
17 0.000004
17 0.000007
17 0.000014
17 0.000011
17 0.000017
17 0.000011
17 0.000011
17 0.000015
17 0.000005
17 0.000008
18 0.000030
18 0.000040
18 0.000015
18 0.000027
18 0.000026
18 0.000025
18 0.000023
18 0.000019
18 0.000015
18 0.000024
18 0.000023
18 0.000031
18 0.000024
18 0.000019
18 0.000020
18 0.000027
18 0.000011
18 0.000026
18 0.000018
18 0.000021
19 0.000012
19 0.000014
19 0.000042
19 0.000013
19 0.000041
19 0.000036
19 0.000030
19 0.000035
19 0.000046
19 0.000020
19 0.000035
19 0.000032
19 0.000017
19 0.000038
19 0.000033
19 0.000011
19 0.000033
19 0.000038
19 0.000009
19 0.000028
20 0.000063
20 0.000031
20 0.000027
20 0.000039
20 0.000032
20 0.000042
20 0.000055
20 0.000034
20 0.000027
20 0.000039
20 0.000036
20 0.000020
20 0.000064
20 0.000044
20 0.000041
20 0.000017
20 0.000021
20 0.000025
20 0.000043
20 0.000033
21 0.000046
21 0.000066
21 0.000041
21 0.000036
21 0.000053
21 0.000048
21 0.000072
21 0.000074
21 0.000025
21 0.000053
21 0.000040
21 0.000075
21 0.000078
21 0.000034
21 0.000068
21 0.000064
21 0.000030
21 0.000028
21 0.000073
21 0.000053
22 0.000144
22 0.000101
22 0.000076
22 0.000045
22 0.000106
22 0.000087
22 0.000103
22 0.000113
22 0.000127
22 0.000143
22 0.000052
22 0.000095
22 0.000062
22 0.000090
22 0.000054
22 0.000106
22 0.000097
22 0.000049
22 0.000111
22 0.000113
23 0.000218
23 0.000146
23 0.000085
23 0.000208
23 0.000160
23 0.000119
23 0.000126
23 0.000107
23 0.000230
23 0.000103
23 0.000072
23 0.000134
23 0.000096
23 0.000147
23 0.000197
23 0.000124
23 0.000038
23 0.000183
23 0.000202
23 0.000136
24 0.000178
24 0.000143
24 0.000267
24 0.000107
24 0.000107
24 0.000157
24 0.000091
24 0.000170
24 0.000124
24 0.000221
24 0.000221
24 0.000179
24 0.000152
24 0.000195
24 0.000164
24 0.000068
24 0.000268
24 0.000233
24 0.000224
24 0.000305
25 0.000166
25 0.000176
25 0.000250
25 0.000219
25 0.000261
25 0.000254
25 0.000200
25 0.000152
25 0.000143
25 0.000378
25 0.000058
25 0.000318
25 0.000108
25 0.000115
25 0.000355
25 0.000188
25 0.000237
25 0.000267
25 0.000225
25 0.000212
26 0.000499
26 0.000244
26 0.000247
26 0.000357
26 0.000515
26 0.000559
26 0.000339
26 0.000253
26 0.000693
26 0.000507
26 0.000329
26 0.000413
26 0.000595
26 0.000109
26 0.000190
26 0.000556
26 0.000099
26 0.000509
26 0.000425
26 0.000450
27 0.000562
27 0.000558
27 0.000832
27 0.000390
27 0.000536
27 0.000107
27 0.000348
27 0.000685
27 0.000141
27 0.000511
27 0.000465
27 0.000824
27 0.000880
27 0.000964
27 0.000938
27 0.000743
27 0.000666
27 0.000519
27 0.000169
27 0.000638
28 0.000899
28 0.000639
28 0.000907
28 0.000988
28 0.001036
28 0.000761
28 0.000288
28 0.000964
28 0.000672
28 0.000979
28 0.000736
28 0.000184
28 0.000925
28 0.000917
28 0.001257
28 0.000735
28 0.001289
28 0.000447
28 0.000923
28 0.000749
29 0.000825
29 0.001181
29 0.001309
29 0.000913
29 0.001200
29 0.000710
29 0.001406
29 0.001069
29 0.000516
29 0.001166
29 0.000876
29 0.001682
29 0.001699
29 0.001515
29 0.000890
29 0.002017
29 0.000193
29 0.001268
29 0.001876
29 0.000685
30 0.002061
30 0.003144
30 0.001188
30 0.000731
30 0.001909
30 0.001734
30 0.001072
30 0.000709
30 0.000575
30 0.002080
30 0.001195
30 0.001986
30 0.001118
30 0.001915
30 0.001510
30 0.001043
30 0.001444
30 0.001300
30 0.002578
30 0.000665
31 0.002175
31 0.001346
31 0.001284
31 0.004479
31 0.004466
31 0.003166
31 0.002735
31 0.000931
31 0.001250
31 0.002488
31 0.002111
31 0.003242
31 0.002903
31 0.001185
31 0.002347
31 0.001528
31 0.004084
31 0.001054
31 0.001449
31 0.002638
32 0.003178
32 0.004237
32 0.002627
32 0.001388
32 0.004308
32 0.004176
32 0.004569
32 0.001964
32 0.005981
32 0.004450
32 0.004101
32 0.002259
32 0.005380
32 0.001174
32 0.002090
32 0.002548
32 0.002684
32 0.003211
32 0.004445
32 0.001106
33 0.006307
33 0.003696
33 0.003902
33 0.004275
33 0.004421
33 0.004866
33 0.009040
33 0.003116
33 0.003858
33 0.004292
33 0.003862
33 0.004870
33 0.007181
33 0.006847
33 0.002632
33 0.004484
33 0.001877
33 0.003584
33 0.006953
33 0.002891
34 0.001364
34 0.006580
34 0.006243
34 0.005762
34 0.008080
34 0.007368
34 0.006820
34 0.001185
34 0.006418
34 0.005275
34 0.010221
34 0.006667
34 0.007313
34 0.005476
34 0.006864
34 0.005182
34 0.005363
34 0.008956
34 0.000866
34 0.007166
35 0.003178
35 0.013601
35 0.008516
35 0.008191
35 0.017900
35 0.007933
35 0.008649
35 0.012492
35 0.004616
35 0.013323
35 0.006835
35 0.018887
35 0.016192
35 0.017028
35 0.014624
35 0.004088
35 0.014519
35 0.009192
35 0.013284
35 0.009003
36 0.005581
36 0.017841
36 0.002107
36 0.018480
36 0.006189
36 0.024509
36 0.012436
36 0.020925
36 0.027302
36 0.008206
36 0.014863
36 0.024616
36 0.017326
36 0.009751
36 0.016233
36 0.005392
36 0.023171
36 0.002733
36 0.018332
36 0.022877
37 0.025079
37 0.029233
37 0.029292
37 0.025466
37 0.038271
37 0.029982
37 0.033360
37 0.002409
37 0.016868
37 0.026993
37 0.013282
37 0.023048
37 0.017060
37 0.039785
37 0.014625
37 0.019096
37 0.026781
37 0.014991
37 0.031270
37 0.032998
38 0.023484
38 0.023436
38 0.016444
38 0.031900
38 0.032387
38 0.016899
38 0.038361
38 0.054189
38 0.040237
38 0.033496
38 0.031875
38 0.031630
38 0.021583
38 0.056159
38 0.047001
38 0.051641
38 0.049011
38 0.054680
38 0.023921
38 0.045027
39 0.037173
39 0.056834
39 0.054122
39 0.033805
39 0.056932
39 0.071315
39 0.015513
39 0.052708
39 0.042641
39 0.042882
39 0.036329
39 0.058769
39 0.063858
39 0.039942
39 0.033280
39 0.053256
39 0.036317
39 0.019353
39 0.030065
39 0.058351
40 0.121728
40 0.043523
40 0.037883
40 0.075494
40 0.098756
40 0.026033
40 0.084581
40 0.051931
40 0.106976
40 0.100352
40 0.031055
40 0.091817
40 0.050855
40 0.080603
40 0.043333
40 0.046922
40 0.041740
40 0.067694
40 0.076883
40 0.065474
41 0.019552
41 0.172502
41 0.041122
41 0.095206
41 0.088762
41 0.042989
41 0.078574
41 0.053862
41 0.125880
41 0.051799
41 0.111305
41 0.031119
41 0.164876
41 0.106912
41 0.032354
41 0.096063
41 0.142734
41 0.023696
41 0.142788
41 0.150061
42 0.039241
42 0.078365
42 0.143602
42 0.069236
42 0.115988
42 0.145564
42 0.137459
42 0.122739
42 0.102860
42 0.149933
42 0.158976
42 0.142212
42 0.093755
42 0.153758
42 0.076358
42 0.091911
42 0.061494
42 0.154493
42 0.082828
42 0.152543
43 0.159091
43 0.315339
43 0.325822
43 0.250150
43 0.234430
43 0.298261
43 0.223828
43 0.335530
43 0.253254
43 0.169890
43 0.405715
43 0.059189
43 0.182798
43 0.353814
43 0.320273
43 0.060470
43 0.304334
43 0.070246
43 0.126059
43 0.226234
44 0.147526
44 0.320386
44 0.337356
44 0.198988
44 0.187788
44 0.290318
44 0.488761
44 0.269246
44 0.193774
44 0.453330
44 0.247304
44 0.122748
44 0.249632
44 0.210358
44 0.476122
44 0.409376
44 0.218305
44 0.147566
44 0.047749
44 0.408595
45 0.623678
45 0.424929
45 0.515682
45 0.764547
45 0.348389
45 0.315657
45 0.404414
45 0.680524
45 0.074840
45 0.515890
45 0.098404
45 0.357191
45 0.065321
45 0.208793
45 0.374470
45 0.762001
45 0.280928
45 0.477125
45 0.518818
45 0.079297
46 0.415778
46 1.106428
46 0.834063
46 0.805625
46 0.789015
46 0.270590
46 0.706447
46 0.770348
46 1.082701
46 0.784178
46 0.822883
46 0.570540
46 0.108510
46 0.557728
46 0.600177
46 0.948066
46 0.378201
46 0.529724
46 0.584699
46 0.714154
47 0.577981
47 0.564322
47 1.197299
47 0.722673
47 0.687813
47 0.407744
47 1.021179
47 1.655934
47 1.789648
47 1.289186
47 1.553696
47 0.706293
47 1.711502
47 1.883423
47 0.926898
47 1.125874
47 1.501516
47 1.238274
47 0.445274
47 0.774104
48 0.950541
48 0.332069
48 1.129751
48 2.321996
48 0.959093
48 0.447556
48 1.031672
48 1.165771
48 1.446130
48 1.352455
48 0.448915
48 0.680705
48 0.850899
48 0.459872
48 1.915104
48 1.715207
48 1.052070
48 1.944062
48 1.722728
48 1.976246
49 0.717063
49 2.010153
49 2.793210
49 0.308263
49 1.603224
49 0.942089
49 2.311418
49 2.041086
49 2.819094
49 0.784505
49 1.030645
49 1.860047
49 1.546553
49 2.813697
49 3.195916
49 1.953124
49 0.923849
49 3.550914
49 1.815685
49 2.279601
50 1.282830
50 3.820179
50 1.100954
50 2.136439
50 3.022949
50 3.930138
50 1.891476
50 3.570966
50 5.176614
50 3.108458
50 3.309761
50 3.314475
50 1.636005
50 2.904360
50 0.789302
50 1.945943
50 5.372887
50 2.914564
50 1.732779
50 0.653803
51 4.192592
51 3.380642
51 2.887440
51 2.758032
51 1.862373
51 0.585016
51 3.922462
51 0.464237
51 5.537220
51 2.285058
51 5.593856
51 2.120117
51 3.371575
51 3.576204
51 2.296982
51 5.761815
51 1.379232
51 2.415646
51 6.349727
51 2.939707
52 5.983694
52 8.360786
52 7.672867
52 3.579845
52 10.538317
52 8.722419
52 8.820823
52 6.256195
52 7.709418
52 4.040528
52 8.456710
52 4.286622
52 9.976746
52 5.408256
52 5.103676
52 9.147375
52 8.281505
52 4.852858
52 4.077156
52 6.899443
53 7.663658
53 11.260367
53 7.020114
53 7.273269
53 8.949752
53 4.981531
53 14.583248
53 10.057979
53 7.360760
53 2.492696
53 11.287536
53 16.439500
53 16.630600
53 5.674417
53 9.917289
53 16.425995
53 5.139806
53 8.936182
53 9.882577
53 14.549766
54 14.119792
54 27.351103
54 15.260132
54 17.301636
54 2.454485
54 2.546625
54 16.362285
54 11.966203
54 9.860345
54 7.569673
54 9.739397
54 7.144559
54 24.856017
54 8.742094
54 19.885872
54 3.149149
54 8.231306
54 18.813509
54 9.812703
54 21.379868
55 27.549341
55 37.066766
55 38.239848
55 16.634630
55 24.019785
55 11.888051
55 27.000948
55 13.392601
55 28.896253
55 7.555929
55 16.664894
55 30.786704
55 9.972474
55 20.864223
55 20.756828
55 32.503041
55 11.887167
55 18.805193
55 12.833731
55 36.269293
56 20.186334
56 18.835739
56 49.464100
56 12.555797
56 17.750019
56 51.632525
56 33.291672
56 28.376378
56 21.132567
56 20.039620
56 22.389893
56 39.551445
56 24.259664
56 38.890379
56 42.790700
56 48.218274
56 45.600858
56 20.879045
56 39.228543
56 34.175197
57 39.712695
57 57.086871
57 10.580081
57 70.843425
57 53.033208
57 67.215204
57 8.094858
57 6.777537
57 47.456838
57 26.933361
57 48.619448
57 26.074029
57 20.673767
57 61.060132
57 49.953782
57 66.965722
57 36.885089
57 41.554699
57 21.927585
57 27.607473
