10 0.000043
10 0.000007
10 0.000006
10 0.000004
10 0.000005
10 0.000006
10 0.000005
10 0.000005
10 0.000004
10 0.000004
10 0.000006
10 0.000003
10 0.000004
10 0.000004
10 0.000004
10 0.000005
10 0.000004
10 0.000005
10 0.000004
10 0.000005
11 0.000005
11 0.000005
11 0.000004
11 0.000004
11 0.000007
11 0.000005
11 0.000005
11 0.000007
11 0.000005
11 0.000006
11 0.000004
11 0.000006
11 0.000005
11 0.000007
11 0.000004
11 0.000004
11 0.000004
11 0.000004
11 0.000004
11 0.000006
12 0.000006
12 0.000007
12 0.000005
12 0.000005
12 0.000006
12 0.000005
12 0.000007
12 0.000007
12 0.000007
12 0.000007
12 0.000005
12 0.000005
12 0.000006
12 0.000006
12 0.000005
12 0.000006
12 0.000006
12 0.000006
12 0.000005
12 0.000005
13 0.000008
13 0.000008
13 0.000009
13 0.000007
13 0.000007
13 0.000008
13 0.000005
13 0.000006
13 0.000007
13 0.000006
13 0.000007
13 0.000006
13 0.000006
13 0.000004
13 0.000006
13 0.000007
13 0.000007
13 0.000006
13 0.000007
13 0.000006
14 0.000018
14 0.000013
14 0.000011
14 0.000006
14 0.000008
14 0.000011
14 0.000010
14 0.000010
14 0.000008
14 0.000010
14 0.000009
14 0.000011
14 0.000004
14 0.000009
14 0.000005
14 0.000006
14 0.000009
14 0.000006
14 0.000006
14 0.000007
15 0.000009
15 0.000010
15 0.000011
15 0.000012
15 0.000005
15 0.000011
15 0.000025
15 0.000010
15 0.000015
15 0.000016
15 0.000012
15 0.000010
15 0.000011
15 0.000011
15 0.000014
15 0.000011
15 0.000005
15 0.000010
15 0.000009
15 0.000012
16 0.000016
16 0.000013
16 0.000014
16 0.000018
16 0.000013
16 0.000013
16 0.000012
16 0.000010
16 0.000011
16 0.000009
16 0.000016
16 0.000014
16 0.000016
16 0.000006
16 0.000014
16 0.000018
16 0.000007
16 0.000020
16 0.000020
16 0.000017
17 0.000021
17 0.000027
17 0.000035
17 0.000022
17 0.000011
17 0.000023
17 0.000020
17 0.000023
17 0.000010
17 0.000025
17 0.000027
17 0.000014
17 0.000011
17 0.000025
17 0.000009
17 0.000012
17 0.000015
17 0.000024
17 0.000013
17 0.000012
18 0.000035
18 0.000041
18 0.000023
18 0.000019
18 0.000023
18 0.000022
18 0.000029
18 0.000028
18 0.000023
18 0.000016
18 0.000033
18 0.000013
18 0.000031
18 0.000025
18 0.000019
18 0.000033
18 0.000013
18 0.000042
18 0.000019
18 0.000020
19 0.000048
19 0.000024
19 0.000029
19 0.000051
19 0.000044
19 0.000027
19 0.000044
19 0.000022
19 0.000042
19 0.000050
19 0.000016
19 0.000032
19 0.000028
19 0.000022
19 0.000018
19 0.000048
19 0.000024
19 0.000024
19 0.000021
19 0.000024
20 0.000011
20 0.000039
20 0.000060
20 0.000039
20 0.000069
20 0.000031
20 0.000010
20 0.000051
20 0.000051
20 0.000085
20 0.000039
20 0.000030
20 0.000073
20 0.000027
20 0.000039
20 0.000064
20 0.000074
20 0.000059
20 0.000039
20 0.000044
21 0.000089
21 0.000057
21 0.000060
21 0.000078
21 0.000086
21 0.000072
21 0.000088
21 0.000058
21 0.000093
21 0.000101
21 0.000026
21 0.000063
21 0.000085
21 0.000036
21 0.000046
21 0.000082
21 0.000024
21 0.000038
21 0.000062
21 0.000070
22 0.000082
22 0.000082
22 0.000092
22 0.000035
22 0.000064
22 0.000106
22 0.000126
22 0.000106
22 0.000166
22 0.000042
22 0.000085
22 0.000162
22 0.000160
22 0.000101
22 0.000128
22 0.000193
22 0.000071
22 0.000136
22 0.000187
22 0.000105
23 0.000221
23 0.000139
23 0.000144
23 0.000097
23 0.000267
23 0.000160
23 0.000208
23 0.000191
23 0.000269
23 0.000267
23 0.000130
23 0.000206
23 0.000064
23 0.000070
23 0.000224
23 0.000207
23 0.000074
23 0.000166
23 0.000165
23 0.000243
24 0.000253
24 0.000086
24 0.000270
24 0.000304
24 0.000169
24 0.000152
24 0.000265
24 0.000351
24 0.000191
24 0.000339
24 0.000214
24 0.000163
24 0.000189
24 0.000183
24 0.000308
24 0.000192
24 0.000279
24 0.000155
24 0.000201
24 0.000168
25 0.000208
25 0.000041
25 0.000213
25 0.000086
25 0.000242
25 0.000198
25 0.000085
25 0.000242
25 0.000274
25 0.000214
25 0.000300
25 0.000185
25 0.000093
25 0.000376
25 0.000436
25 0.000215
25 0.000231
25 0.000278
25 0.000456
25 0.000375
26 0.000681
26 0.000572
26 0.000534
26 0.000155
26 0.000549
26 0.000288
26 0.000275
26 0.000422
26 0.000722
26 0.000452
26 0.000388
26 0.000296
26 0.000338
26 0.000308
26 0.000465
26 0.000351
26 0.000355
26 0.000613
26 0.000504
26 0.000290
27 0.001052
27 0.001087
27 0.000491
27 0.000934
27 0.000533
27 0.000831
27 0.000989
27 0.000546
27 0.000304
27 0.000910
27 0.000863
27 0.000777
27 0.000739
27 0.000488
27 0.000598
27 0.000841
27 0.000683
27 0.000638
27 0.000922
27 0.000493
28 0.000777
28 0.000543
28 0.000755
28 0.000265
28 0.001056
28 0.000949
28 0.000590
28 0.000578
28 0.000849
28 0.001080
28 0.000626
28 0.000724
28 0.000967
28 0.000502
28 0.000430
28 0.000836
28 0.000711
28 0.000638
28 0.000563
28 0.000719
29 0.001603
29 0.001448
29 0.001253
29 0.000384
29 0.000768
29 0.001199
29 0.001575
29 0.000798
29 0.000442
29 0.001189
29 0.001210
29 0.001541
29 0.001253
29 0.001327
29 0.001378
29 0.000706
29 0.001786
29 0.001143
29 0.000839
29 0.000674
30 0.001199
30 0.001267
30 0.000073
30 0.001713
30 0.001648
30 0.001989
30 0.000989
30 0.001667
30 0.002370
30 0.001092
30 0.001895
30 0.001266
30 0.002222
30 0.002302
30 0.001069
30 0.001244
30 0.001497
30 0.000834
30 0.001384
30 0.001949
31 0.001859
31 0.001489
31 0.000812
31 0.002380
31 0.003255
31 0.002930
31 0.002536
31 0.003527
31 0.002580
31 0.003402
31 0.002350
31 0.002882
31 0.002295
31 0.001636
31 0.001609
31 0.003081
31 0.002615
31 0.003748
31 0.001661
31 0.003369
32 0.002157
32 0.002207
32 0.004175
32 0.004518
32 0.003483
32 0.003071
32 0.004956
32 0.002604
32 0.004616
32 0.002058
32 0.002386
32 0.001696
32 0.003934
32 0.000964
32 0.002336
32 0.002457
32 0.001994
32 0.002868
32 0.004976
32 0.002708
33 0.001756
33 0.004136
33 0.004150
33 0.003690
33 0.005088
33 0.005072
33 0.003021
33 0.003442
33 0.002116
33 0.004493
33 0.006531
33 0.003407
33 0.006697
33 0.001126
33 0.006617
33 0.004660
33 0.003615
33 0.004814
33 0.001936
33 0.004135
34 0.006112
34 0.004864
34 0.001349
34 0.009421
34 0.006854
34 0.009779
34 0.008499
34 0.002388
34 0.006932
34 0.010766
34 0.004882
34 0.006419
34 0.002964
34 0.005613
34 0.004697
34 0.007251
34 0.002108
34 0.007686
34 0.007650
34 0.002112
35 0.007226
35 0.007532
35 0.013241
35 0.014315
35 0.010985
35 0.008662
35 0.009317
35 0.011316
35 0.003845
35 0.012083
35 0.014996
35 0.009236
35 0.005165
35 0.007400
35 0.002789
35 0.012840
35 0.013682
35 0.008282
35 0.011020
35 0.012394
36 0.009329
36 0.016076
36 0.006856
36 0.006368
36 0.020313
36 0.010795
36 0.011125
36 0.011229
36 0.013267
36 0.005408
36 0.010015
36 0.013917
36 0.003859
36 0.010913
36 0.016276
36 0.006390
36 0.006882
36 0.007943
36 0.019138
36 0.014462
37 0.015539
37 0.025675
37 0.026271
37 0.007908
37 0.018350
37 0.030610
37 0.019727
37 0.020782
37 0.023868
37 0.026160
37 0.018230
37 0.023550
37 0.018220
37 0.024875
37 0.006368
37 0.024610
37 0.012396
37 0.005167
37 0.020183
37 0.003433
38 0.033246
38 0.043125
38 0.049514
38 0.035412
38 0.030075
38 0.048691
38 0.020362
38 0.026471
38 0.039320
38 0.043161
38 0.027433
38 0.013936
38 0.039733
38 0.042546
38 0.016802
38 0.020142
38 0.014871
38 0.033686
38 0.025347
38 0.029018
39 0.065953
39 0.043492
39 0.061070
39 0.071448
39 0.077440
39 0.028034
39 0.041880
39 0.043057
39 0.065639
39 0.049931
39 0.082689
39 0.025278
39 0.034175
39 0.045360
39 0.066351
39 0.037541
39 0.057073
39 0.052196
39 0.044326
39 0.007757
40 0.022298
40 0.008960
40 0.089446
40 0.083461
40 0.084549
40 0.030091
40 0.085994
40 0.100449
40 0.063344
40 0.063472
40 0.012251
40 0.109560
40 0.070273
40 0.031412
40 0.037607
40 0.050403
40 0.060168
40 0.089619
40 0.054852
40 0.045539
41 0.123310
41 0.047237
41 0.089748
41 0.018353
41 0.101570
41 0.064776
41 0.042593
41 0.030401
41 0.128715
41 0.113265
41 0.024078
41 0.058720
41 0.097127
41 0.077966
41 0.078225
41 0.102179
41 0.102558
41 0.082263
41 0.063771
41 0.018301
42 0.104804
42 0.149398
42 0.157301
42 0.170814
42 0.244777
42 0.144458
42 0.109198
42 0.198013
42 0.068404
42 0.224801
42 0.085056
42 0.049236
42 0.088342
42 0.179512
42 0.111216
42 0.143469
42 0.111413
42 0.156413
42 0.191445
42 0.190276
43 0.118816
43 0.129686
43 0.208848
43 0.252635
43 0.078659
43 0.247029
43 0.250564
43 0.160554
43 0.136328
43 0.084740
43 0.236602
43 0.055648
43 0.221363
43 0.058439
43 0.102577
43 0.301186
43 0.100767
43 0.058689
43 0.255318
43 0.250679
44 0.304985
44 0.144258
44 0.268185
44 0.159891
44 0.194554
44 0.282599
44 0.374720
44 0.382313
44 0.043833
44 0.287294
44 0.456777
44 0.309079
44 0.412282
44 0.217673
44 0.324305
44 0.442894
44 0.398061
44 0.451817
44 0.270114
44 0.444289
45 0.778109
45 0.612862
45 0.388816
45 0.183465
45 0.221507
45 0.271703
45 0.690389
45 0.305900
45 0.445104
45 0.436352
45 0.611115
45 0.425584
45 0.479937
45 0.372018
45 0.474354
45 0.177962
45 0.498161
45 0.393311
45 0.380292
45 0.429907
46 0.486838
46 0.548974
46 0.371800
46 0.687677
46 0.346256
46 0.424312
46 0.110560
46 0.329588
46 0.633727
46 0.532397
46 0.511738
46 0.947369
46 0.822833
46 0.340032
46 0.597512
46 0.143339
46 0.364246
46 0.774005
46 0.449189
46 0.147845
47 0.980524
47 0.998566
47 0.509123
47 0.450256
47 1.430134
47 0.968881
47 1.315223
47 0.736978
47 0.870376
47 1.144567
47 0.876898
47 0.842449
47 1.671238
47 1.121939
47 0.927896
47 0.914883
47 0.995762
47 0.715361
47 1.104352
47 1.386099
48 1.974646
48 1.080498
48 0.975807
48 0.848580
48 0.544155
48 1.165561
48 2.030702
48 1.185567
48 1.152118
48 0.511202
48 1.257168
48 0.832399
48 1.697950
48 1.352969
48 0.809689
48 0.915126
48 0.660335
48 0.967209
48 0.955188
48 1.437952
49 1.289608
49 3.478068
49 1.081016
49 2.190844
49 0.756551
49 2.624533
49 2.653905
49 1.179551
49 0.523131
49 1.032741
49 1.061311
49 0.904028
49 2.246482
49 2.492365
49 1.161422
49 0.616808
49 2.436469
49 0.909922
49 0.427575
49 3.033555
50 2.171805
50 1.587152
50 2.340015
50 4.159852
50 2.015713
50 3.156192
50 3.151639
50 2.211482
50 3.521545
50 4.707625
50 2.753179
50 1.223447
50 0.906787
50 3.269212
50 0.860741
50 4.913112
50 1.603860
50 2.393138
50 1.067998
50 2.383020
51 3.611257
51 2.893034
51 0.862401
51 6.571734
51 4.719910
51 4.534136
51 7.618359
51 2.382194
51 2.313676
51 1.995987
51 1.141217
51 5.748706
51 5.685561
51 4.393977
51 5.223863
51 1.372465
51 2.036470
51 4.852249
51 2.053562
51 5.712983
52 1.834703
52 9.973876
52 7.341326
52 3.761915
52 6.133532
52 3.558809
52 7.773155
52 6.559679
52 0.349179
52 2.725824
52 5.290617
52 6.348826
52 3.359227
52 8.129619
52 7.415167
52 6.237754
52 7.020185
52 7.296972
52 4.646761
52 2.073170
53 13.517050
53 11.398859
53 6.265361
53 4.532305
53 11.753653
53 12.679881
53 3.573252
53 8.209867
53 7.904298
53 12.687976
53 10.487823
53 14.081109
53 4.106172
53 5.355602
53 5.565241
53 9.441720
53 2.625293
53 8.320079
53 12.803960
53 11.963092
54 6.107739
54 11.752998
54 4.236523
54 11.637829
54 17.877466
54 14.305777
54 14.103219
54 10.782208
54 16.781203
54 4.708162
54 10.628517
54 5.478129
54 10.919159
54 12.795035
54 4.257612
54 16.031442
54 11.027563
54 13.041481
54 16.756082
54 7.244248
55 25.068612
55 21.682453
55 21.371229
55 18.462432
55 27.716758
55 24.492776
55 9.253597
55 15.829108
55 12.933559
55 18.579350
55 11.202505
55 10.192401
55 23.394245
55 23.394025
55 30.618308
55 15.969298
55 28.115453
55 14.574980
55 5.725121
55 18.793300
56 40.733929
56 7.225938
56 3.486095
56 16.361962
56 32.052068
56 30.749560
56 6.034186
56 26.241883
56 24.296673
56 21.697342
56 34.782918
56 22.115675
56 20.755279
56 4.350165
56 31.818400
56 19.259029
56 15.310380
56 18.245785
56 15.430204
56 5.927950
57 32.944405
57 28.284389
57 35.274105
57 17.710158
57 46.674530
57 24.327311
57 41.708120
57 47.850825
57 54.305629
57 3.361637
57 44.158114
57 17.482199
57 51.243045
57 10.850213
57 26.591282
57 48.487729
57 37.308791
57 29.045501
57 56.000540
57 31.409807
