10 0.000043
10 0.000007
10 0.000005
10 0.000005
10 0.000006
10 0.000005
10 0.000005
10 0.000004
10 0.000005
10 0.000004
10 0.000005
10 0.000004
10 0.000005
10 0.000004
10 0.000005
10 0.000005
10 0.000005
10 0.000004
10 0.000005
10 0.000004
11 0.000010
11 0.000006
11 0.000006
11 0.000005
11 0.000006
11 0.000006
11 0.000005
11 0.000005
11 0.000004
11 0.000006
11 0.000006
11 0.000005
11 0.000005
11 0.000005
11 0.000005
11 0.000005
11 0.000005
11 0.000006
11 0.000004
11 0.000006
12 0.000009
12 0.000008
12 0.000007
12 0.000006
12 0.000007
12 0.000005
12 0.000007
12 0.000006
12 0.000006
12 0.000006
12 0.000005
12 0.000006
12 0.000006
12 0.000006
12 0.000007
12 0.000007
12 0.000006
12 0.000007
12 0.000006
12 0.000005
13 0.000015
13 0.000012
13 0.000009
13 0.000009
13 0.000009
13 0.000008
13 0.000008
13 0.000008
13 0.000008
13 0.000008
13 0.000007
13 0.000008
13 0.000008
13 0.000007
13 0.000009
13 0.000008
13 0.000007
13 0.000008
13 0.000008
13 0.000008
14 0.000016
14 0.000014
14 0.000013
14 0.000011
14 0.000011
14 0.000012
14 0.000010
14 0.000010
14 0.000011
14 0.000011
14 0.000009
14 0.000010
14 0.000009
14 0.000009
14 0.000009
14 0.000009
14 0.000009
14 0.000010
14 0.000010
14 0.000009
15 0.000027
15 0.000023
15 0.000020
15 0.000019
15 0.000017
15 0.000017
15 0.000017
15 0.000016
15 0.000017
15 0.000017
15 0.000015
15 0.000015
15 0.000015
15 0.000016
15 0.000016
15 0.000014
15 0.000017
15 0.000014
15 0.000014
15 0.000014
16 0.000032
16 0.000033
16 0.000042
16 0.000023
16 0.000022
16 0.000022
16 0.000020
16 0.000021
16 0.000019
16 0.000019
16 0.000018
16 0.000018
16 0.000019
16 0.000017
16 0.000018
16 0.000018
16 0.000016
16 0.000018
16 0.000018
16 0.000017
17 0.000044
17 0.000040
17 0.000041
17 0.000039
17 0.000036
17 0.000037
17 0.000036
17 0.000036
17 0.000034
17 0.000036
17 0.000035
17 0.000034
17 0.000032
17 0.000035
17 0.000033
17 0.000032
17 0.000033
17 0.000037
17 0.000032
17 0.000033
18 0.000053
18 0.000054
18 0.000052
18 0.000049
18 0.000050
18 0.000049
18 0.000048
18 0.000047
18 0.000049
18 0.000047
18 0.000048
18 0.000046
18 0.000047
18 0.000048
18 0.000046
18 0.000047
18 0.000045
18 0.000048
18 0.000045
18 0.000046
19 0.000097
19 0.000084
19 0.000086
19 0.000087
19 0.000085
19 0.000082
19 0.000085
19 0.000081
19 0.000082
19 0.000084
19 0.000079
19 0.000082
19 0.000081
19 0.000080
19 0.000079
19 0.000083
19 0.000080
19 0.000080
19 0.000081
19 0.000080
20 0.000111
20 0.000111
20 0.000112
20 0.000110
20 0.000112
20 0.000117
20 0.000093
20 0.000095
20 0.000095
20 0.000097
20 0.000093
20 0.000095
20 0.000096
20 0.000092
20 0.000094
20 0.000095
20 0.000097
20 0.000094
20 0.000100
20 0.000095
21 0.000166
21 0.000152
21 0.000159
21 0.000154
21 0.000153
21 0.000154
21 0.000155
21 0.000151
21 0.000156
21 0.000157
21 0.000149
21 0.000152
21 0.000155
21 0.000149
21 0.000151
21 0.000154
21 0.000148
21 0.000150
21 0.000152
21 0.000153
22 0.000213
22 0.000215
22 0.000212
22 0.000207
22 0.000212
22 0.000213
22 0.000214
22 0.000212
22 0.000215
22 0.000208
22 0.000218
22 0.000217
22 0.000222
22 0.000211
22 0.000214
22 0.000219
22 0.000211
22 0.000214
22 0.000218
22 0.000212
23 0.000377
23 0.000334
23 0.000334
23 0.000330
23 0.000345
23 0.000335
23 0.000340
23 0.000336
23 0.000343
23 0.000342
23 0.000334
23 0.000338
23 0.000328
23 0.000329
23 0.000340
23 0.000341
23 0.000330
23 0.000339
23 0.000336
23 0.000342
24 0.000480
24 0.000446
24 0.000458
24 0.000465
24 0.000456
24 0.000450
24 0.000465
24 0.000465
24 0.000455
24 0.000464
24 0.000453
24 0.000455
24 0.000442
24 0.000471
24 0.000467
24 0.000454
24 0.000463
24 0.000455
24 0.000452
24 0.000454
25 0.000778
25 0.000791
25 0.000700
25 0.000663
25 0.000673
25 0.000664
25 0.000630
25 0.000643
25 0.000641
25 0.000680
25 0.000687
25 0.000602
25 0.000572
25 0.000605
25 0.000585
25 0.000572
25 0.000572
25 0.000684
25 0.000930
25 0.000706
26 0.001018
26 0.000794
26 0.000824
26 0.000921
26 0.000789
26 0.000773
26 0.000772
26 0.000781
26 0.000799
26 0.000782
26 0.000779
26 0.000772
26 0.000778
26 0.000810
26 0.000789
26 0.000780
26 0.000925
26 0.000792
26 0.000784
26 0.000772
27 0.001363
27 0.001276
27 0.001204
27 0.001228
27 0.001207
27 0.001228
27 0.001280
27 0.001397
27 0.001192
27 0.001233
27 0.001222
27 0.001710
27 0.002375
27 0.001941
27 0.001523
27 0.001310
27 0.001282
27 0.001227
27 0.001305
27 0.001284
28 0.001801
28 0.002134
28 0.001725
28 0.001654
28 0.001717
28 0.001751
28 0.001791
28 0.001986
28 0.001990
28 0.001941
28 0.001714
28 0.002016
28 0.001944
28 0.001797
28 0.001691
28 0.001710
28 0.001697
28 0.001705
28 0.001710
28 0.001851
29 0.002961
29 0.002727
29 0.002724
29 0.002633
29 0.002651
29 0.002771
29 0.002828
29 0.002642
29 0.002672
29 0.002665
29 0.002682
29 0.002687
29 0.002806
29 0.002838
29 0.002661
29 0.002631
29 0.002723
29 0.002678
29 0.002764
29 0.002922
30 0.003684
30 0.003741
30 0.003590
30 0.003806
30 0.003757
30 0.003701
30 0.003664
30 0.003778
30 0.004081
30 0.003768
30 0.003606
30 0.003567
30 0.004201
30 0.004025
30 0.004733
30 0.004827
30 0.003668
30 0.003634
30 0.003810
30 0.004391
31 0.006895
31 0.005572
31 0.006733
31 0.005557
31 0.005931
31 0.007385
31 0.005950
31 0.006626
31 0.006330
31 0.005679
31 0.006862
31 0.005735
31 0.005624
31 0.006682
31 0.006056
31 0.006538
31 0.005796
31 0.005740
31 0.006577
31 0.006461
32 0.007786
32 0.007845
32 0.007949
32 0.008076
32 0.007552
32 0.007954
32 0.007940
32 0.007998
32 0.007665
32 0.007567
32 0.007543
32 0.007944
32 0.007930
32 0.007488
32 0.007509
32 0.007455
32 0.007745
32 0.007440
32 0.008662
32 0.007349
33 0.012631
33 0.012752
33 0.012287
33 0.012837
33 0.013030
33 0.012766
33 0.012169
33 0.011916
33 0.012363
33 0.012266
33 0.012359
33 0.012747
33 0.012547
33 0.012180
33 0.012395
33 0.012785
33 0.013354
33 0.012127
33 0.012198
33 0.013679
34 0.016694
34 0.016643
34 0.016431
34 0.016693
34 0.016827
34 0.017255
34 0.016525
34 0.016338
34 0.017223
34 0.016652
34 0.016599
34 0.016868
34 0.016546
34 0.016723
34 0.016161
34 0.017005
34 0.016601
34 0.016566
34 0.017044
34 0.016503
35 0.026497
35 0.025671
35 0.026653
35 0.026390
35 0.027808
35 0.025335
35 0.026661
35 0.026082
35 0.027618
35 0.025397
35 0.026524
35 0.025252
35 0.025973
35 0.025222
35 0.026067
35 0.025700
35 0.026413
35 0.025103
35 0.026287
35 0.025384
36 0.036227
36 0.034490
36 0.035794
36 0.038019
36 0.038100
36 0.039700
36 0.037646
36 0.035290
36 0.035812
36 0.035278
36 0.035500
36 0.034235
36 0.038311
36 0.034236
36 0.036017
36 0.033528
36 0.035418
36 0.035604
36 0.037187
36 0.035590
37 0.056507
37 0.057447
37 0.055674
37 0.056824
37 0.054821
37 0.055471
37 0.055443
37 0.057179
37 0.056280
37 0.078326
37 0.055369
37 0.055406
37 0.055040
37 0.055425
37 0.053629
37 0.056173
37 0.054602
37 0.053920
37 0.055791
37 0.053751
38 0.074725
38 0.075103
38 0.075056
38 0.076298
38 0.074726
38 0.075059
38 0.073642
38 0.073750
38 0.075040
38 0.074993
38 0.073674
38 0.079077
38 0.080014
38 0.076921
38 0.073029
38 0.073384
38 0.074617
38 0.075976
38 0.073791
38 0.073722
39 0.120479
39 0.117020
39 0.117005
39 0.117132
39 0.116770
39 0.114446
39 0.117406
39 0.115198
39 0.116306
39 0.116713
39 0.117585
39 0.114644
39 0.115036
39 0.115939
39 0.118288
39 0.118982
39 0.118346
39 0.117735
39 0.117482
39 0.113434
40 0.157652
40 0.152117
40 0.157895
40 0.156933
40 0.156894
40 0.153123
40 0.155787
40 0.159016
40 0.156269
40 0.157909
40 0.156890
40 0.158289
40 0.156620
40 0.153126
40 0.157563
40 0.159452
40 0.154756
40 0.156421
40 0.154676
40 0.153946
41 0.285415
41 0.252470
41 0.250968
41 0.253102
41 0.258421
41 0.255038
41 0.248834
41 0.250763
41 0.259253
41 0.255729
41 0.249335
41 0.251618
41 0.255654
41 0.252723
41 0.252290
41 0.261915
41 0.252835
41 0.253658
41 0.250368
41 0.248195
42 0.355714
42 0.347110
42 0.349595
42 0.349350
42 0.366001
42 0.349380
42 0.345868
42 0.349971
42 0.342087
42 0.352144
42 0.350171
42 0.346919
42 0.341424
42 0.347497
42 0.347475
42 0.397661
42 0.365315
42 0.370135
42 0.351893
42 0.350452
43 0.564147
43 0.541970
43 0.552295
43 0.557911
43 0.540712
43 0.548519
43 0.566189
43 0.567379
43 0.547161
43 0.550290
43 0.546372
43 0.540282
43 0.548186
43 0.545450
43 0.547107
43 0.552247
43 0.545278
43 0.544031
43 0.549503
43 0.550069
44 0.745914
44 0.714391
44 0.724119
44 0.716249
44 0.728422
44 0.715814
44 0.730275
44 0.722803
44 0.708878
44 0.734375
44 0.724568
44 0.719609
44 0.730564
44 0.714922
44 0.729307
44 0.726977
44 0.756866
44 0.780934
44 0.760645
44 0.762873
45 1.201343
45 1.158785
45 1.148079
45 1.151396
45 1.134265
45 1.154103
45 1.170878
45 1.231110
45 1.249819
45 1.283262
45 1.263213
45 1.167938
45 1.216666
45 1.271253
45 1.285188
45 1.176480
45 1.220323
45 1.250463
45 1.290842
45 1.173542
46 1.572553
46 1.546351
46 1.587780
46 1.575650
46 1.540843
46 1.548207
46 1.548069
46 1.615888
46 1.626582
46 1.640538
46 1.545610
46 1.560620
46 1.550336
46 1.581875
46 1.568023
46 1.521279
46 1.534950
46 1.587291
46 1.537025
46 1.515463
47 2.554249
47 2.393632
47 2.359028
47 2.440457
47 2.467404
47 2.581675
47 2.602937
47 2.567514
47 2.611499
47 2.564081
47 2.641503
47 2.567304
47 2.580298
47 2.470896
47 2.561322
47 2.687358
47 2.666037
47 2.723992
47 2.716927
47 2.593663
48 3.894005
48 3.714984
48 3.876320
48 3.360957
48 3.338206
48 3.581617
48 3.338938
48 3.403636
48 3.433137
48 3.531645
48 3.529075
48 3.512765
48 3.550869
48 3.527241
48 3.501398
48 3.466505
48 3.545725
48 3.574604
48 3.543199
48 3.559457
49 5.461968
49 5.369736
49 5.187734
49 5.281453
49 5.288162
49 5.335858
49 5.459471
49 5.345012
49 5.240732
49 5.293100
49 5.320145
49 5.330567
49 5.239841
49 5.367836
49 5.509267
49 5.329586
49 5.368038
49 5.210303
49 5.316423
49 5.421799
50 7.302728
50 7.109278
50 6.744726
50 6.857014
50 6.705894
50 6.756393
50 7.256446
50 7.126132
50 6.926936
50 6.910112
50 6.858100
50 6.844777
50 6.709576
50 6.782312
50 6.657309
50 7.261619
50 8.105805
50 7.683160
50 7.391247
50 7.382070
51 12.345913
51 12.313027
51 11.684961
51 11.534369
51 11.726153
51 11.692124
51 12.076465
51 12.238197
51 11.404800
51 11.255314
51 11.228903
51 11.396328
51 11.369215
51 11.347972
51 11.389986
51 11.180507
51 11.277018
51 11.375689
51 11.423575
51 12.076685
52 15.129861
52 15.666282
52 16.226680
52 15.378981
52 16.752389
52 15.447283
52 16.606481
52 16.743449
52 16.444888
52 16.095578
52 16.389882
52 16.714366
52 15.518497
52 15.056634
52 15.040423
52 14.974288
52 14.996750
52 15.047464
52 14.870208
52 14.741144
53 24.063028
53 23.659329
53 23.359445
53 23.330797
53 23.554369
53 23.629696
53 23.351314
53 23.462097
53 23.379538
53 23.598299
53 23.512516
53 23.789116
53 23.301902
53 24.209605
53 23.278282
53 23.444435
53 23.128095
53 23.448428
53 23.844894
53 23.624852
54 31.001228
54 31.284420
54 30.943661
54 31.155945
54 31.445707
54 31.343578
54 31.295156
54 31.146281
54 32.552411
54 33.224823
54 31.866584
54 33.475930
54 34.868845
54 34.504278
54 35.003877
54 33.317950
54 33.023407
54 34.057209
54 34.062855
54 32.584837
55 52.411978
55 51.325182
55 52.213629
55 53.540943
55 54.711176
55 53.310922
55 53.178740
55 53.132897
55 53.790363
55 51.903243
55 51.338961
55 52.687723
55 53.333367
55 53.086350
55 54.494349
55 53.326312
55 53.102307
55 51.601882
55 51.934099
55 50.618956
56 68.676684
56 67.661883
56 68.197256
56 68.919662
56 71.050255
56 70.347965
56 67.360165
56 67.517258
56 69.456131
56 71.113575
56 68.958372
56 65.187718
56 64.958370
56 64.667663
56 65.618762
56 65.238047
56 65.023166
56 65.110323
56 65.112417
56 64.570052
57 100.981793
57 100.966164
57 100.772108
57 100.333835
57 103.159126
57 111.042704
57 107.928009
57 108.471803
57 107.844368
57 108.528339
57 109.101567
57 105.074405
57 108.215109
57 107.332208
57 108.920325
57 109.384868
57 108.379713
57 108.943719
57 108.719586
57 104.520936
