10 0.000042
10 0.000008
10 0.000005
10 0.000006
10 0.000005
10 0.000006
10 0.000004
10 0.000005
10 0.000006
10 0.000005
10 0.000005
10 0.000004
10 0.000004
10 0.000006
10 0.000005
10 0.000004
10 0.000003
10 0.000004
10 0.000005
10 0.000005
11 0.000005
11 0.000006
11 0.000005
11 0.000005
11 0.000005
11 0.000006
11 0.000006
11 0.000004
11 0.000004
11 0.000006
11 0.000006
11 0.000004
11 0.000006
11 0.000005
11 0.000004
11 0.000004
11 0.000005
11 0.000005
11 0.000005
11 0.000004
12 0.000008
12 0.000007
12 0.000006
12 0.000004
12 0.000007
12 0.000007
12 0.000003
12 0.000005
12 0.000005
12 0.000006
12 0.000006
12 0.000005
12 0.000006
12 0.000004
12 0.000006
12 0.000006
12 0.000005
12 0.000005
12 0.000007
12 0.000004
13 0.000007
13 0.000009
13 0.000008
13 0.000007
13 0.000005
13 0.000006
13 0.000006
13 0.000004
13 0.000004
13 0.000009
13 0.000006
13 0.000005
13 0.000006
13 0.000006
13 0.000006
13 0.000004
13 0.000007
13 0.000005
13 0.000007
13 0.000008
14 0.000015
14 0.000014
14 0.000012
14 0.000010
14 0.000007
14 0.000008
14 0.000009
14 0.000006
14 0.000013
14 0.000006
14 0.000011
14 0.000007
14 0.000008
14 0.000009
14 0.000009
14 0.000011
14 0.000006
14 0.000009
14 0.000008
14 0.000005
15 0.000011
15 0.000014
15 0.000013
15 0.000010
15 0.000015
15 0.000016
15 0.000019
15 0.000008
15 0.000011
15 0.000011
15 0.000016
15 0.000008
15 0.000016
15 0.000006
15 0.000014
15 0.000017
15 0.000010
15 0.000007
15 0.000008
15 0.000017
16 0.000038
16 0.000013
16 0.000012
16 0.000009
16 0.000014
16 0.000008
16 0.000013
16 0.000004
16 0.000010
16 0.000010
16 0.000007
16 0.000013
16 0.000015
16 0.000011
16 0.000009
16 0.000009
16 0.000008
16 0.000007
16 0.000014
16 0.000009
17 0.000016
17 0.000015
17 0.000020
17 0.000015
17 0.000017
17 0.000006
17 0.000023
17 0.000013
17 0.000009
17 0.000019
17 0.000006
17 0.000008
17 0.000017
17 0.000013
17 0.000020
17 0.000013
17 0.000012
17 0.000018
17 0.000006
17 0.000012
18 0.000037
18 0.000050
18 0.000018
18 0.000034
18 0.000033
18 0.000030
18 0.000027
18 0.000022
18 0.000019
18 0.000029
18 0.000029
18 0.000037
18 0.000028
18 0.000025
18 0.000026
18 0.000032
18 0.000012
18 0.000029
18 0.000021
18 0.000025
19 0.000017
19 0.000017
19 0.000051
19 0.000015
19 0.000047
19 0.000042
19 0.000037
19 0.000044
19 0.000058
19 0.000027
19 0.000042
19 0.000040
19 0.000020
19 0.000050
19 0.000041
19 0.000016
19 0.000041
19 0.000047
19 0.000010
19 0.000034
20 0.000078
20 0.000036
20 0.000032
20 0.000047
20 0.000040
20 0.000052
20 0.000064
20 0.000042
20 0.000033
20 0.000046
20 0.000044
20 0.000024
20 0.000077
20 0.000052
20 0.000050
20 0.000020
20 0.000026
20 0.000030
20 0.000051
20 0.000039
21 0.000050
21 0.000082
21 0.000052
21 0.000045
21 0.000065
21 0.000060
21 0.000090
21 0.000088
21 0.000030
21 0.000066
21 0.000048
21 0.000089
21 0.000094
21 0.000044
21 0.000081
21 0.000080
21 0.000039
21 0.000034
21 0.000089
21 0.000063
22 0.000165
22 0.000123
22 0.000094
22 0.000056
22 0.000125
22 0.000100
22 0.000121
22 0.000133
22 0.000147
22 0.000167
22 0.000064
22 0.000114
22 0.000074
22 0.000105
22 0.000066
22 0.000126
22 0.000117
22 0.000059
22 0.000132
22 0.000137
23 0.000261
23 0.000175
23 0.000101
23 0.000251
23 0.000204
23 0.000139
23 0.000141
23 0.000122
23 0.000265
23 0.000122
23 0.000086
23 0.000151
23 0.000109
23 0.000173
23 0.000227
23 0.000150
23 0.000044
23 0.000229
23 0.000230
23 0.000150
24 0.000203
24 0.000157
24 0.000314
24 0.000123
24 0.000127
24 0.000173
24 0.000108
24 0.000195
24 0.000172
24 0.000266
24 0.000248
24 0.000190
24 0.000169
24 0.000236
24 0.000178
24 0.000076
24 0.000284
24 0.000259
24 0.000232
24 0.000314
25 0.000175
25 0.000189
25 0.000281
25 0.000232
25 0.000275
25 0.000284
25 0.000205
25 0.000157
25 0.000150
25 0.000380
25 0.000059
25 0.000328
25 0.000108
25 0.000119
25 0.000361
25 0.000193
25 0.000244
25 0.000275
25 0.000232
25 0.000215
26 0.000492
26 0.000232
26 0.000235
26 0.000346
26 0.000509
26 0.000547
26 0.000335
26 0.000253
26 0.000679
26 0.000490
26 0.000337
26 0.000396
26 0.000575
26 0.000106
26 0.000188
26 0.000543
26 0.000102
26 0.000508
26 0.000407
26 0.000443
27 0.000558
27 0.000527
27 0.000835
27 0.000379
27 0.000531
27 0.000109
27 0.000345
27 0.000666
27 0.000135
27 0.000509
27 0.000453
27 0.000809
27 0.000857
27 0.000940
27 0.000913
27 0.000732
27 0.000639
27 0.000511
27 0.000172
27 0.000624
28 0.000882
28 0.000606
28 0.000873
28 0.000955
28 0.000999
28 0.000694
28 0.000261
28 0.000883
28 0.000612
28 0.000855
28 0.000662
28 0.000156
28 0.000837
28 0.000763
28 0.001041
28 0.000622
28 0.001066
28 0.000477
28 0.000765
28 0.000630
29 0.000774
29 0.001020
29 0.001106
29 0.001335
29 0.000977
29 0.000603
29 0.001355
29 0.000905
29 0.000566
29 0.001307
29 0.000999
29 0.001489
29 0.001391
29 0.001427
29 0.000801
29 0.001598
29 0.000225
29 0.001406
29 0.001711
29 0.000762
30 0.001720
30 0.002691
30 0.001368
30 0.000649
30 0.001515
30 0.001583
30 0.001131
30 0.000831
30 0.000693
30 0.002439
30 0.001387
30 0.001918
30 0.001171
30 0.001985
30 0.002083
30 0.001415
30 0.001443
30 0.001255
30 0.002269
30 0.000574
31 0.001948
31 0.001196
31 0.000988
31 0.003282
31 0.003623
31 0.002716
31 0.002297
31 0.000976
31 0.001348
31 0.002510
31 0.002032
31 0.003046
31 0.002753
31 0.001091
31 0.001553
31 0.001283
31 0.003654
31 0.000672
31 0.001156
31 0.002587
32 0.002951
32 0.004009
32 0.002484
32 0.001562
32 0.003877
32 0.003655
32 0.004069
32 0.001764
32 0.004844
32 0.003977
32 0.003916
32 0.001934
32 0.005140
32 0.001155
32 0.001741
32 0.002355
32 0.002614
32 0.002851
32 0.003198
32 0.001048
33 0.005654
33 0.003343
33 0.003535
33 0.003880
33 0.004538
33 0.004543
33 0.007683
33 0.002962
33 0.003457
33 0.003770
33 0.003515
33 0.004639
33 0.005549
33 0.005865
33 0.002154
33 0.004474
33 0.001528
33 0.003130
33 0.006151
33 0.002856
34 0.001213
34 0.005493
34 0.005594
34 0.005581
34 0.007465
34 0.005892
34 0.005657
34 0.001316
34 0.005820
34 0.004375
34 0.009930
34 0.005387
34 0.006481
34 0.005179
34 0.005673
34 0.005367
34 0.004778
34 0.006808
34 0.000951
34 0.006296
35 0.002754
35 0.012507
35 0.007368
35 0.007273
35 0.015314
35 0.007031
35 0.008337
35 0.012373
35 0.004274
35 0.012305
35 0.006537
35 0.016296
35 0.014731
35 0.013919
35 0.012906
35 0.004060
35 0.013407
35 0.007764
35 0.011589
35 0.007056
36 0.005351
36 0.018904
36 0.002287
36 0.015924
36 0.006360
36 0.021111
36 0.012227
36 0.019422
36 0.024646
36 0.007951
36 0.013767
36 0.020393
36 0.014484
36 0.008766
36 0.014852
36 0.004500
36 0.021425
36 0.002449
36 0.015815
36 0.019629
37 0.023853
37 0.026791
37 0.024706
37 0.025164
37 0.037591
37 0.028927
37 0.031871
37 0.001692
37 0.014267
37 0.024758
37 0.011831
37 0.021653
37 0.014217
37 0.034044
37 0.013404
37 0.017920
37 0.023467
37 0.013085
37 0.027811
37 0.030707
38 0.021542
38 0.022785
38 0.015619
38 0.029341
38 0.029893
38 0.016152
38 0.035650
38 0.046400
38 0.034857
38 0.028675
38 0.026576
38 0.025850
38 0.019773
38 0.048609
38 0.040833
38 0.047679
38 0.043840
38 0.047307
38 0.021014
38 0.038813
39 0.034215
39 0.049769
39 0.048590
39 0.029928
39 0.053730
39 0.064702
39 0.013614
39 0.047277
39 0.039455
39 0.036121
39 0.032287
39 0.053712
39 0.055549
39 0.033097
39 0.035183
39 0.050068
39 0.036624
39 0.016747
39 0.029831
39 0.054704
40 0.096848
40 0.031794
40 0.031962
40 0.070849
40 0.083046
40 0.022003
40 0.074360
40 0.044573
40 0.093005
40 0.092644
40 0.027228
40 0.081233
40 0.045036
40 0.065937
40 0.037835
40 0.041798
40 0.036389
40 0.060512
40 0.066874
40 0.057472
41 0.017342
41 0.162420
41 0.036540
41 0.085268
41 0.078639
41 0.034097
41 0.069704
41 0.044662
41 0.110505
41 0.045488
41 0.098577
41 0.027236
41 0.142572
41 0.094784
41 0.027691
41 0.086876
41 0.124625
41 0.020787
41 0.125495
41 0.131995
42 0.034908
42 0.072920
42 0.123257
42 0.059181
42 0.096078
42 0.123440
42 0.117426
42 0.105462
42 0.090049
42 0.127380
42 0.137514
42 0.108972
42 0.080308
42 0.134881
42 0.063857
42 0.086128
42 0.052687
42 0.134467
42 0.072462
42 0.132636
43 0.135281
43 0.282070
43 0.287322
43 0.223265
43 0.207116
43 0.266505
43 0.189695
43 0.297659
43 0.228716
43 0.148573
43 0.355806
43 0.050158
43 0.164579
43 0.308665
43 0.281448
43 0.056182
43 0.265615
43 0.060322
43 0.113572
43 0.195471
44 0.124588
44 0.277813
44 0.280761
44 0.169919
44 0.166409
44 0.244002
44 0.416240
44 0.222621
44 0.161445
44 0.388536
44 0.208637
44 0.103820
44 0.205850
44 0.185863
44 0.410738
44 0.347010
44 0.196106
44 0.122165
44 0.042467
44 0.359796
45 0.542250
45 0.365663
45 0.451526
45 0.665033
45 0.313978
45 0.283913
45 0.349728
45 0.600186
45 0.066308
45 0.453910
45 0.085740
45 0.315518
45 0.059416
45 0.188581
45 0.317839
45 0.662763
45 0.237801
45 0.433583
45 0.451675
45 0.066628
46 0.344128
46 0.951115
46 0.716037
46 0.693901
46 0.678421
46 0.230677
46 0.620992
46 0.673098
46 0.936735
46 0.659753
46 0.730184
46 0.494526
46 0.096484
46 0.496316
46 0.563623
46 0.819050
46 0.315756
46 0.444721
46 0.517468
46 0.606018
47 0.484952
47 0.483103
47 1.045384
47 0.610296
47 0.565004
47 0.354110
47 0.909368
47 1.458736
47 1.590772
47 1.116041
47 1.319358
47 0.593847
47 1.406582
47 1.592247
47 0.823917
47 1.021145
47 1.312148
47 1.109773
47 0.403574
47 0.669326
48 0.794700
48 0.293654
48 0.990508
48 1.994014
48 0.834705
48 0.365016
48 0.843566
48 0.977710
48 1.243048
48 1.176845
48 0.382877
48 0.584043
48 0.751717
48 0.399576
48 1.647245
48 1.489747
48 0.930456
48 1.693257
48 1.496612
48 1.712436
49 0.636787
49 1.792880
49 2.457484
49 0.259099
49 1.374477
49 0.830702
49 1.998962
49 1.714745
49 2.477000
49 0.649957
49 0.865456
49 1.619404
49 1.306423
49 2.443397
49 2.748537
49 1.691922
49 0.792941
49 3.087928
49 1.582194
49 1.945280
50 1.101767
50 3.353975
50 0.986964
50 1.832978
50 2.655420
50 3.392989
50 1.671064
50 3.089310
50 4.490367
50 2.593369
50 2.673205
50 2.842320
50 1.402407
50 2.494071
50 0.704347
50 1.706262
50 4.626288
50 2.607535
50 1.486399
50 0.534569
51 3.562302
51 2.819053
51 2.524294
51 2.306290
51 1.620643
51 0.527625
51 3.481625
51 0.399383
51 4.943368
51 2.042433
51 4.968126
51 1.835906
51 2.871889
51 3.142631
51 1.989927
51 5.007511
51 1.221235
51 2.153359
51 6.116271
51 2.824238
52 5.715581
52 7.664497
52 7.376026
52 3.536591
52 10.054233
52 8.215272
52 8.389811
52 5.976827
52 7.421152
52 3.780156
52 7.977387
52 4.242400
52 9.232864
52 5.001141
52 4.642768
52 8.608524
52 7.783866
52 4.393938
52 3.952391
52 6.245841
53 7.013064
53 10.294432
53 6.282267
53 6.443279
53 7.861220
53 4.265246
53 12.515364
53 8.581442
53 6.124459
53 2.226409
53 9.996202
53 14.654526
53 15.189603
53 5.445995
53 9.023320
53 14.945785
53 4.408192
53 8.021462
53 8.458420
53 12.610732
54 12.819472
54 22.469864
54 11.875643
54 14.326802
54 1.930772
54 2.045431
54 13.598519
54 10.595506
54 8.998264
54 6.614546
54 8.667619
54 6.118685
54 20.667687
54 7.335294
54 15.995185
54 2.652300
54 6.883732
54 16.105684
54 7.749875
54 17.393927
55 23.559277
55 32.218088
55 32.885473
55 15.056655
55 20.079958
55 9.569801
55 23.711810
55 11.577739
55 24.832479
55 6.643136
55 15.149968
55 26.845796
55 8.684062
55 17.993658
55 17.820945
55 27.074073
55 10.305954
55 16.986309
55 10.565353
55 31.538173
56 16.565218
56 15.080234
56 36.989662
56 10.912282
56 16.048731
56 42.733351
56 27.081548
56 24.381745
56 17.919163
56 16.596631
56 19.132879
56 33.596328
56 21.520427
56 32.965457
56 35.307072
56 40.363891
56 38.509109
56 18.262273
56 34.010958
56 30.423849
57 34.789565
57 50.926830
57 9.761831
57 61.137781
57 45.866075
57 60.017266
57 6.907170
57 5.848688
57 43.123412
57 25.283387
57 45.433635
57 24.777164
57 19.487870
57 57.267770
57 46.782943
57 62.388781
57 34.836678
57 35.212242
57 19.751909
57 26.137611
