10 0.000042
10 0.000007
10 0.000005
10 0.000004
10 0.000004
10 0.000004
10 0.000004
10 0.000005
10 0.000004
10 0.000005
10 0.000005
10 0.000006
10 0.000004
10 0.000005
10 0.000004
10 0.000005
10 0.000004
10 0.000004
10 0.000005
10 0.000004
11 0.000010
11 0.000006
11 0.000007
11 0.000005
11 0.000005
11 0.000005
11 0.000006
11 0.000005
11 0.000005
11 0.000005
11 0.000005
11 0.000006
11 0.000005
11 0.000006
11 0.000006
11 0.000004
11 0.000005
11 0.000005
11 0.000004
11 0.000005
12 0.000009
12 0.000008
12 0.000006
12 0.000007
12 0.000005
12 0.000007
12 0.000005
12 0.000006
12 0.000005
12 0.000006
12 0.000005
12 0.000006
12 0.000006
12 0.000006
12 0.000005
12 0.000006
12 0.000006
12 0.000005
12 0.000007
12 0.000006
13 0.000015
13 0.000012
13 0.000010
13 0.000010
13 0.000008
13 0.000010
13 0.000009
13 0.000009
13 0.000008
13 0.000008
13 0.000008
13 0.000008
13 0.000009
13 0.000008
13 0.000008
13 0.000008
13 0.000009
13 0.000007
13 0.000008
13 0.000009
14 0.000015
14 0.000016
14 0.000014
14 0.000013
14 0.000012
14 0.000011
14 0.000010
14 0.000011
14 0.000012
14 0.000010
14 0.000010
14 0.000010
14 0.000010
14 0.000010
14 0.000010
14 0.000011
14 0.000010
14 0.000011
14 0.000010
14 0.000011
15 0.000027
15 0.000025
15 0.000023
15 0.000021
15 0.000021
15 0.000019
15 0.000019
15 0.000018
15 0.000019
15 0.000017
15 0.000018
15 0.000016
15 0.000016
15 0.000016
15 0.000017
15 0.000016
15 0.000016
15 0.000015
15 0.000016
15 0.000015
16 0.000033
16 0.000032
16 0.000031
16 0.000028
16 0.000029
16 0.000028
16 0.000029
16 0.000025
16 0.000048
16 0.000023
16 0.000023
16 0.000022
16 0.000022
16 0.000022
16 0.000022
16 0.000021
16 0.000021
16 0.000021
16 0.000022
16 0.000021
17 0.000049
17 0.000045
17 0.000043
17 0.000043
17 0.000042
17 0.000041
17 0.000042
17 0.000040
17 0.000039
17 0.000039
17 0.000037
17 0.000037
17 0.000038
17 0.000038
17 0.000037
17 0.000037
17 0.000036
17 0.000037
17 0.000036
17 0.000037
18 0.000063
18 0.000062
18 0.000059
18 0.000058
18 0.000058
18 0.000056
18 0.000072
18 0.000051
18 0.000054
18 0.000053
18 0.000053
18 0.000053
18 0.000062
18 0.000052
18 0.000051
18 0.000053
18 0.000051
18 0.000052
18 0.000051
18 0.000052
19 0.000098
19 0.000089
19 0.000091
19 0.000085
19 0.000089
19 0.000087
19 0.000086
19 0.000087
19 0.000089
19 0.000087
19 0.000086
19 0.000087
19 0.000085
19 0.000087
19 0.000085
19 0.000085
19 0.000086
19 0.000088
19 0.000082
19 0.000086
20 0.000129
20 0.000122
20 0.000126
20 0.000123
20 0.000123
20 0.000123
20 0.000124
20 0.000123
20 0.000119
20 0.000123
20 0.000121
20 0.000118
20 0.000125
20 0.000121
20 0.000122
20 0.000117
20 0.000122
20 0.000120
20 0.000123
20 0.000119
21 0.000203
21 0.000192
21 0.000188
21 0.000188
21 0.000190
21 0.000188
21 0.000193
21 0.000192
21 0.000186
21 0.000204
21 0.000181
21 0.000185
21 0.000185
21 0.000180
21 0.000185
21 0.000184
21 0.000180
21 0.000183
21 0.000186
21 0.000184
22 0.000256
22 0.000253
22 0.000251
22 0.000244
22 0.000252
22 0.000250
22 0.000252
22 0.000254
22 0.000254
22 0.000259
22 0.000246
22 0.000251
22 0.000247
22 0.000249
22 0.000245
22 0.000252
22 0.000252
22 0.000246
22 0.000251
22 0.000253
23 0.000450
23 0.000405
23 0.000401
23 0.000411
23 0.000406
23 0.000399
23 0.000401
23 0.000398
23 0.000411
23 0.000398
23 0.000395
23 0.000417
23 0.000387
23 0.000390
23 0.000395
23 0.000390
23 0.000379
23 0.000406
23 0.000383
23 0.000426
24 0.000574
24 0.000505
24 0.000497
24 0.000480
24 0.000461
24 0.000476
24 0.000448
24 0.000455
24 0.000451
24 0.000462
24 0.000462
24 0.000456
24 0.000461
24 0.000465
24 0.000454
24 0.000444
24 0.000470
24 0.000467
24 0.000461
24 0.000465
25 0.000755
25 0.000718
25 0.000724
25 0.000719
25 0.000730
25 0.000726
25 0.000718
25 0.000719
25 0.000720
25 0.000781
25 0.000801
25 0.000736
25 0.000715
25 0.000712
25 0.000743
25 0.000723
25 0.000726
25 0.000731
25 0.000731
25 0.000723
26 0.001033
26 0.000967
26 0.000986
26 0.001072
26 0.000988
26 0.000963
26 0.000925
26 0.000921
26 0.000990
26 0.000963
26 0.000917
26 0.000832
26 0.000811
26 0.000859
26 0.000763
26 0.000835
26 0.000760
26 0.000908
26 0.000959
26 0.000787
27 0.001303
27 0.001240
27 0.001407
27 0.001261
27 0.002098
27 0.002070
27 0.001623
27 0.001245
27 0.001206
27 0.001237
27 0.001423
27 0.001577
27 0.001329
27 0.001284
27 0.001321
27 0.001361
27 0.001703
27 0.001490
27 0.001247
27 0.001239
28 0.001732
28 0.001708
28 0.001818
28 0.001682
28 0.001740
28 0.001713
28 0.002543
28 0.002080
28 0.001667
28 0.001730
28 0.001884
28 0.001781
28 0.001717
28 0.001717
28 0.001791
28 0.002021
28 0.002016
28 0.001702
28 0.001715
28 0.001782
29 0.002867
29 0.002676
29 0.003041
29 0.002748
29 0.002785
29 0.002783
29 0.002931
29 0.002961
29 0.002629
29 0.002676
29 0.002661
29 0.002896
29 0.002741
29 0.002674
29 0.003000
29 0.002686
29 0.002578
29 0.002948
29 0.002778
29 0.002734
30 0.003650
30 0.005048
30 0.004048
30 0.003595
30 0.003601
30 0.003597
30 0.003536
30 0.003844
30 0.003440
30 0.003532
30 0.003524
30 0.003755
30 0.003737
30 0.003522
30 0.003501
30 0.003663
30 0.003818
30 0.003614
30 0.003736
30 0.003557
31 0.006538
31 0.005545
31 0.005551
31 0.005989
31 0.006419
31 0.005672
31 0.006157
31 0.005526
31 0.005856
31 0.005674
31 0.005530
31 0.006734
31 0.005925
31 0.005496
31 0.005860
31 0.005540
31 0.005781
31 0.006027
31 0.005677
31 0.005728
32 0.008032
32 0.007421
32 0.007468
32 0.007655
32 0.008284
32 0.007391
32 0.007771
32 0.007423
32 0.008412
32 0.007860
32 0.007731
32 0.007285
32 0.007471
32 0.007592
32 0.007343
32 0.008240
32 0.007352
32 0.007648
32 0.007755
32 0.007895
33 0.012504
33 0.011903
33 0.013082
33 0.015242
33 0.012866
33 0.015774
33 0.015012
33 0.014048
33 0.013773
33 0.013748
33 0.016369
33 0.016928
33 0.015733
33 0.015754
33 0.015728
33 0.013871
33 0.014369
33 0.013729
33 0.014292
33 0.013720
34 0.018765
34 0.018484
34 0.019144
34 0.019505
34 0.022170
34 0.018402
34 0.017650
34 0.017714
34 0.018255
34 0.017961
34 0.018121
34 0.017742
34 0.017446
34 0.017736
34 0.019616
34 0.019946
34 0.019866
34 0.020554
34 0.019619
34 0.020732
35 0.030351
35 0.029965
35 0.028728
35 0.028413
35 0.028057
35 0.027521
35 0.028358
35 0.030417
35 0.031734
35 0.031969
35 0.030341
35 0.029454
35 0.028561
35 0.028029
35 0.027985
35 0.027560
35 0.028629
35 0.028030
35 0.029012
35 0.030402
36 0.040129
36 0.041743
36 0.042759
36 0.041963
36 0.038257
36 0.037718
36 0.037378
36 0.042747
36 0.041867
36 0.039877
36 0.043020
36 0.037007
36 0.036784
36 0.035921
36 0.035980
36 0.039124
36 0.036613
36 0.036994
36 0.037224
36 0.037346
37 0.062058
37 0.058882
37 0.057091
37 0.056475
37 0.059508
37 0.068857
37 0.066034
37 0.056609
37 0.058394
37 0.056994
37 0.059200
37 0.062399
37 0.063639
37 0.061330
37 0.064573
37 0.070384
37 0.065053
37 0.061667
37 0.060186
37 0.059973
38 0.091560
38 0.088291
38 0.080886
38 0.079756
38 0.085056
38 0.088573
38 0.080084
38 0.077580
38 0.089688
38 0.088667
38 0.083080
38 0.079694
38 0.086634
38 0.088296
38 0.091390
38 0.084822
38 0.086019
38 0.085510
38 0.089943
38 0.091144
39 0.140411
39 0.129322
39 0.124647
39 0.128751
39 0.145658
39 0.135272
39 0.123903
39 0.141247
39 0.138091
39 0.122014
39 0.122938
39 0.145674
39 0.140246
39 0.127174
39 0.137126
39 0.138775
39 0.128122
39 0.130713
39 0.140295
39 0.137974
40 0.184766
40 0.168875
40 0.187425
40 0.174560
40 0.164829
40 0.184922
40 0.192235
40 0.170401
40 0.197449
40 0.187632
40 0.165166
40 0.168172
40 0.191814
40 0.173167
40 0.162585
40 0.182056
40 0.172788
40 0.161128
40 0.170102
40 0.173662
41 0.288216
41 0.309764
41 0.293733
41 0.293799
41 0.291927
41 0.279983
41 0.294216
41 0.290037
41 0.293783
41 0.291428
41 0.286917
41 0.280928
41 0.294203
41 0.279870
41 0.290226
41 0.291250
41 0.289465
41 0.297431
41 0.289015
41 0.292448
42 0.429691
42 0.403459
42 0.393675
42 0.414959
42 0.400067
42 0.409017
42 0.412793
42 0.395865
42 0.398178
42 0.399920
42 0.389490
42 0.384510
42 0.362089
42 0.377174
42 0.386149
42 0.396179
42 0.399070
42 0.369275
42 0.370608
42 0.392085
43 0.611592
43 0.595992
43 0.597789
43 0.618452
43 0.616383
43 0.617564
43 0.635480
43 0.657866
43 0.635846
43 0.612653
43 0.638004
43 0.600177
43 0.621750
43 0.658825
43 0.607082
43 0.602458
43 0.626800
43 0.620288
43 0.596031
43 0.558692
44 0.761520
44 0.759172
44 0.744070
44 0.787420
44 0.769809
44 0.752463
44 0.751906
44 0.758124
44 0.769205
44 0.845462
44 0.823309
44 0.802868
44 0.743850
44 0.797178
44 0.812986
44 0.825630
44 0.815715
44 0.809109
44 0.825278
44 0.823105
45 1.338366
45 1.304761
45 1.194821
45 1.204879
45 1.165584
45 1.261416
45 1.299346
45 1.303181
45 1.301654
45 1.302868
45 1.294685
45 1.319721
45 1.280979
45 1.302832
45 1.332343
45 1.358661
45 1.317045
45 1.217416
45 1.175165
45 1.156029
46 1.563020
46 1.586942
46 1.579883
46 1.574576
46 1.548732
46 1.532968
46 1.567705
46 1.576354
46 1.564061
46 1.552181
46 1.580237
46 1.548657
46 1.527258
46 1.543418
46 1.559736
46 1.555130
46 1.528813
46 1.539874
46 1.576784
46 1.561894
47 2.457622
47 2.398941
47 2.402398
47 2.403860
47 2.391824
47 2.400869
47 2.417245
47 2.444174
47 2.433464
47 2.428849
47 2.427416
47 2.397732
47 2.438968
47 2.525395
47 2.417969
47 2.403625
47 2.447517
47 2.419611
47 2.514709
47 2.492574
48 3.357069
48 3.264146
48 3.303372
48 3.384758
48 3.333906
48 3.258631
48 3.292543
48 3.314518
48 3.341472
48 3.308684
48 3.270003
48 3.274297
48 3.380326
48 3.704242
48 3.660747
48 3.595373
48 3.595903
48 3.587051
48 3.568314
48 3.622261
49 5.390826
49 5.574224
49 5.424748
49 5.255926
49 5.242263
49 5.179576
49 5.243573
49 5.221810
49 5.252638
49 5.193002
49 5.201696
49 5.219484
49 5.239962
49 5.239211
49 5.291892
49 5.246064
49 5.197637
49 5.325852
49 5.225220
49 5.453103
50 7.279608
50 7.353340
50 7.231181
50 7.305419
50 7.571661
50 7.617301
50 7.078254
50 7.453661
50 7.610142
50 7.371398
50 7.090039
50 6.958155
50 6.971200
50 7.065226
50 7.120438
50 6.898625
50 7.019652
50 6.968194
50 6.889063
50 6.900967
51 11.769443
51 12.003726
51 12.455508
51 12.422172
51 12.290023
51 11.680441
51 11.555613
51 11.411286
51 11.186073
51 12.507755
51 11.206303
51 11.735687
51 11.790001
51 11.792079
51 11.700881
51 12.608165
51 11.646216
51 11.557627
51 11.917883
51 12.224455
52 16.885543
52 16.444330
52 15.999934
52 16.245075
52 16.258744
52 16.791674
52 15.124381
52 14.754538
52 15.333039
52 16.224720
52 15.613074
52 15.880957
52 16.058404
52 15.220433
52 15.229304
52 15.356382
52 15.321871
52 15.259761
52 15.222526
52 15.264714
53 23.783469
53 24.021895
53 23.649071
53 23.928719
53 24.907234
53 24.879640
53 24.988798
53 25.768421
53 24.288092
53 24.245802
53 24.247536
53 25.190080
53 25.425048
53 25.149577
53 25.239831
53 24.430771
53 25.128706
53 25.402284
53 25.500988
53 25.736789
54 33.433748
54 34.813666
54 33.902261
54 33.636770
54 31.372417
54 30.899415
54 31.345330
54 31.199285
54 31.125743
54 30.997787
54 31.088876
54 31.219632
54 31.562562
54 31.201112
54 31.343049
54 30.805900
54 30.987425
54 31.384420
54 31.042051
54 31.417501
55 49.161966
55 49.479721
55 49.373838
55 48.928153
55 48.901776
55 48.608166
55 49.159265
55 48.667715
55 49.022003
55 48.397794
55 48.720277
55 49.232865
55 48.644757
55 48.995423
55 48.990417
55 49.170351
55 48.651195
55 48.735150
55 48.625446
55 49.281874
56 64.407923
56 64.073951
56 65.190209
56 64.137187
56 64.258018
56 65.368019
56 64.763022
56 64.509979
56 64.412188
56 64.296048
56 64.405316
56 64.859924
56 64.382176
56 65.025020
56 64.839858
56 65.027692
56 65.291477
56 64.342180
56 64.712904
56 64.994310
57 102.387743
57 102.441372
57 101.336351
57 102.700336
57 102.451766
57 102.630744
57 100.984474
57 101.129349
57 102.084702
57 101.318953
57 101.994967
57 101.253667
57 101.208365
57 102.388751
57 102.151734
57 102.745836
57 101.793791
57 101.801513
57 101.194415
57 101.431096
