10 0.000025
10 0.000007
10 0.000004
10 0.000010
10 0.000009
10 0.000004
10 0.000006
10 0.000007
10 0.000009
10 0.000005
10 0.000005
10 0.000007
10 0.000005
10 0.000008
10 0.000008
10 0.000006
10 0.000002
10 0.000002
10 0.000008
10 0.000007
11 0.000009
11 0.000004
11 0.000010
11 0.000005
11 0.000010
11 0.000009
11 0.000009
11 0.000014
11 0.000004
11 0.000017
11 0.000008
11 0.000016
11 0.000004
11 0.000003
11 0.000009
11 0.000013
11 0.000008
11 0.000004
11 0.000006
11 0.000004
12 0.000031
12 0.000013
12 0.000006
12 0.000003
12 0.000015
12 0.000007
12 0.000006
12 0.000010
12 0.000018
12 0.000017
12 0.000026
12 0.000022
12 0.000008
12 0.000027
12 0.000031
12 0.000012
12 0.000029
12 0.000025
12 0.000027
12 0.000030
13 0.000063
13 0.000049
13 0.000057
13 0.000049
13 0.000043
13 0.000022
13 0.000046
13 0.000021
13 0.000052
13 0.000037
13 0.000047
13 0.000010
13 0.000037
13 0.000056
13 0.000015
13 0.000003
13 0.000058
13 0.000018
13 0.000044
13 0.000016
14 0.000054
14 0.000112
14 0.000009
14 0.000042
14 0.000078
14 0.000067
14 0.000039
14 0.000067
14 0.000088
14 0.000095
14 0.000057
14 0.000010
14 0.000041
14 0.000057
14 0.000088
14 0.000088
14 0.000085
14 0.000024
14 0.000029
14 0.000103
15 0.000129
15 0.000111
15 0.000203
15 0.000033
15 0.000224
15 0.000076
15 0.000044
15 0.000025
15 0.000198
15 0.000182
15 0.000137
15 0.000186
15 0.000089
15 0.000176
15 0.000035
15 0.000092
15 0.000038
15 0.000111
15 0.000051
15 0.000216
16 0.000373
16 0.000246
16 0.000218
16 0.000260
16 0.000200
16 0.000323
16 0.000287
16 0.000121
16 0.000198
16 0.000053
16 0.000408
16 0.000439
16 0.000290
16 0.000279
16 0.000125
16 0.000352
16 0.000111
16 0.000161
16 0.000340
16 0.000038
17 0.000092
17 0.000679
17 0.000075
17 0.000297
17 0.000773
17 0.000833
17 0.000057
17 0.000544
17 0.000088
17 0.000315
17 0.000570
17 0.000043
17 0.000740
17 0.000491
17 0.000661
17 0.000012
17 0.000682
17 0.000633
17 0.000505
17 0.000806
18 0.000855
18 0.001767
18 0.000563
18 0.001728
18 0.000058
18 0.000104
18 0.001709
18 0.001254
18 0.001098
18 0.000530
18 0.000130
18 0.001319
18 0.000934
18 0.001021
18 0.000245
18 0.000991
18 0.000970
18 0.000730
18 0.001106
18 0.000221
19 0.000074
19 0.000522
19 0.000820
19 0.000075
19 0.002989
19 0.000017
19 0.002846
19 0.000273
19 0.002785
19 0.000121
19 0.001737
19 0.000210
19 0.002247
19 0.000266
19 0.001658
19 0.000805
19 0.000272
19 0.001735
19 0.000236
19 0.001769
20 0.001973
20 0.001138
20 0.004982
20 0.002701
20 0.005502
20 0.003315
20 0.002862
20 0.000712
20 0.000645
20 0.003530
20 0.004767
20 0.001979
20 0.001724
20 0.003448
20 0.001771
20 0.003918
20 0.000062
20 0.002623
20 0.000479
20 0.004029
21 0.008230
21 0.000228
21 0.000960
21 0.002012
21 0.004225
21 0.003907
21 0.000121
21 0.007848
21 0.006273
21 0.008652
21 0.005464
21 0.008687
21 0.005925
21 0.002857
21 0.009055
21 0.004842
21 0.008611
21 0.000925
21 0.003438
21 0.004884
22 0.010762
22 0.005845
22 0.000924
22 0.002009
22 0.015169
22 0.018515
22 0.012729
22 0.014188
22 0.014406
22 0.009209
22 0.006766
22 0.000387
22 0.010925
22 0.016638
22 0.001655
22 0.011007
22 0.011851
22 0.017887
22 0.010846
22 0.014242
23 0.009588
23 0.023934
23 0.002539
23 0.021375
23 0.021453
23 0.007389
23 0.026881
23 0.023963
23 0.029116
23 0.024034
23 0.019735
23 0.036426
23 0.029968
23 0.013500
23 0.021724
23 0.019196
23 0.027554
23 0.030198
23 0.037385
23 0.001962
24 0.074427
24 0.020376
24 0.012148
24 0.036518
24 0.041837
24 0.056858
24 0.072806
24 0.072957
24 0.059036
24 0.082805
24 0.032336
24 0.013835
24 0.033081
24 0.076427
24 0.030870
24 0.070358
24 0.010968
24 0.058148
24 0.047737
24 0.027178
25 0.119492
25 0.057068
25 0.088016
25 0.122113
25 0.145887
25 0.109616
25 0.087721
25 0.160030
25 0.061066
25 0.148239
25 0.017855
25 0.075904
25 0.128135
25 0.025737
25 0.056330
25 0.005444
25 0.006864
25 0.070190
25 0.071267
25 0.003557
26 0.259658
26 0.066409
26 0.021352
26 0.204194
26 0.184136
26 0.057333
26 0.058208
26 0.176963
26 0.082675
26 0.071242
26 0.141569
26 0.320329
26 0.062909
26 0.024839
26 0.016261
26 0.325938
26 0.092802
26 0.062244
26 0.182737
26 0.222470
27 0.035758
27 0.265499
27 0.187931
27 0.379797
27 0.457358
27 0.555204
27 0.038802
27 0.255640
27 0.054335
27 0.217268
27 0.129436
27 0.477344
27 0.705389
27 0.571951
27 0.518865
27 0.580483
27 0.323637
27 0.064302
27 0.387409
27 0.521687
28 1.155068
28 0.236751
28 0.662032
28 0.482984
28 0.063625
28 0.666755
28 0.138064
28 0.038044
28 0.001935
28 0.725155
28 0.526561
28 0.189074
28 0.890672
28 0.802177
28 0.877910
28 0.351600
28 0.530572
28 0.509084
28 0.874112
28 0.499039
29 2.413236
29 0.905903
29 2.301398
29 1.738872
29 1.620341
29 0.150771
29 2.060394
29 1.294563
29 0.570317
29 0.991036
29 2.177290
29 2.254890
29 2.364178
29 1.082703
29 1.622368
29 2.465766
29 1.756374
29 0.561213
29 1.711023
29 0.849939
30 5.029266
30 0.305737
30 0.737681
30 1.329294
30 3.514495
30 2.566875
30 3.032741
30 4.961690
30 1.860615
30 3.838966
30 0.716295
30 0.680763
30 1.680745
30 2.873601
30 1.076415
30 3.712074
30 1.630709
30 0.024167
30 0.709835
30 1.988458
31 0.783475
31 5.493056
31 2.909754
31 0.498198
31 3.722104
31 9.508187
31 5.703119
31 4.964326
31 2.119907
31 5.325271
31 0.476686
31 9.414392
31 6.222662
31 5.745256
31 6.374739
31 2.443863
31 6.066007
31 9.413177
31 8.188437
31 6.028502
32 19.247245
32 6.574357
32 13.654812
32 4.908283
32 8.114564
32 12.278261
32 0.149472
32 0.306399
32 15.612598
32 10.104468
32 2.688592
32 0.716706
32 11.791257
32 5.956221
32 17.510338
32 11.900844
32 14.928770
32 17.949016
32 13.138755
32 15.144076
33 21.235300
33 22.785689
33 24.302014
33 8.048875
33 30.959692
33 26.047586
33 41.885078
33 2.800304
33 37.443280
33 5.209550
33 36.552723
33 9.350938
33 4.798614
33 6.271850
33 12.889893
33 34.389358
33 2.340337
33 24.825706
33 18.402212
33 39.935619
34 36.387987
34 71.637384
34 47.348153
34 78.049402
34 9.684451
34 14.003627
34 22.767292
34 69.325619
34 63.398623
34 29.291391
34 40.690682
34 29.878393
34 29.565260
34 38.549985
34 80.138614
34 79.209269
34 78.992786
34 54.048750
34 55.259604
34 27.365587
35 27.667406
35 16.120646
35 126.808276
35 17.920414
35 30.145529
35 155.488970
35 51.136466
35 43.057689
35 119.762885
35 121.989366
35 153.078480
35 132.414824
35 18.439020
35 58.767158
35 102.899858
35 64.809837
35 78.519439
35 5.418428
35 132.123484
35 136.679123
