10 0.000027
10 0.000009
10 0.000011
10 0.000004
10 0.000010
10 0.000007
10 0.000005
10 0.000010
10 0.000006
10 0.000007
10 0.000008
10 0.000004
10 0.000005
10 0.000009
10 0.000003
10 0.000010
10 0.000006
10 0.000007
10 0.000009
10 0.000007
11 0.000007
11 0.000019
11 0.000004
11 0.000005
11 0.000016
11 0.000004
11 0.000010
11 0.000018
11 0.000011
11 0.000005
11 0.000018
11 0.000019
11 0.000017
11 0.000010
11 0.000014
11 0.000008
11 0.000006
11 0.000004
11 0.000014
11 0.000011
12 0.000029
12 0.000026
12 0.000014
12 0.000018
12 0.000008
12 0.000025
12 0.000033
12 0.000029
12 0.000018
12 0.000032
12 0.000016
12 0.000008
12 0.000003
12 0.000018
12 0.000023
12 0.000028
12 0.000015
12 0.000035
12 0.000033
12 0.000036
13 0.000032
13 0.000037
13 0.000032
13 0.000002
13 0.000044
13 0.000040
13 0.000025
13 0.000045
13 0.000027
13 0.000020
13 0.000013
13 0.000038
13 0.000029
13 0.000015
13 0.000045
13 0.000008
13 0.000022
13 0.000005
13 0.000053
13 0.000043
14 0.000088
14 0.000032
14 0.000082
14 0.000049
14 0.000091
14 0.000083
14 0.000027
14 0.000031
14 0.000046
14 0.000091
14 0.000023
14 0.000028
14 0.000070
14 0.000074
14 0.000055
14 0.000076
14 0.000006
14 0.000035
14 0.000088
14 0.000105
15 0.000065
15 0.000175
15 0.000185
15 0.000113
15 0.000099
15 0.000134
15 0.000066
15 0.000149
15 0.000093
15 0.000068
15 0.000163
15 0.000079
15 0.000203
15 0.000172
15 0.000042
15 0.000179
15 0.000191
15 0.000131
15 0.000114
15 0.000042
16 0.000341
16 0.000141
16 0.000113
16 0.000158
16 0.000098
16 0.000324
16 0.000053
16 0.000212
16 0.000212
16 0.000085
16 0.000139
16 0.000272
16 0.000285
16 0.000236
16 0.000251
16 0.000288
16 0.000302
16 0.000227
16 0.000090
16 0.000295
17 0.000663
17 0.000729
17 0.000252
17 0.000395
17 0.000610
17 0.000117
17 0.000653
17 0.000139
17 0.000381
17 0.000731
17 0.000733
17 0.000305
17 0.000603
17 0.000459
17 0.000084
17 0.000331
17 0.000156
17 0.000177
17 0.000519
17 0.000313
18 0.001364
18 0.000907
18 0.001149
18 0.000578
18 0.000452
18 0.000064
18 0.001274
18 0.000358
18 0.000808
18 0.000562
18 0.000132
18 0.000737
18 0.000620
18 0.000924
18 0.000071
18 0.000671
18 0.000313
18 0.001123
18 0.000727
18 0.000519
19 0.001145
19 0.001854
19 0.002393
19 0.001698
19 0.002485
19 0.000855
19 0.001865
19 0.001469
19 0.001484
19 0.001859
19 0.001561
19 0.000754
19 0.002133
19 0.001971
19 0.001451
19 0.001976
19 0.000664
19 0.001313
19 0.000800
19 0.001963
20 0.002394
20 0.002656
20 0.000722
20 0.002898
20 0.002334
20 0.000316
20 0.004006
20 0.001827
20 0.001695
20 0.004586
20 0.000513
20 0.001738
20 0.001775
20 0.003046
20 0.001297
20 0.001664
20 0.002693
20 0.000514
20 0.001011
20 0.001772
21 0.001097
21 0.002319
21 0.004789
21 0.009276
21 0.005588
21 0.007428
21 0.004521
21 0.003288
21 0.004470
21 0.002187
21 0.009498
21 0.002786
21 0.009066
21 0.001367
21 0.007238
21 0.007094
21 0.006162
21 0.003562
21 0.000059
21 0.008991
22 0.001443
22 0.014186
22 0.016474
22 0.008162
22 0.010155
22 0.018517
22 0.001140
22 0.001378
22 0.012204
22 0.001865
22 0.012872
22 0.017719
22 0.008895
22 0.009173
22 0.008660
22 0.003021
22 0.000109
22 0.005796
22 0.008796
22 0.006923
23 0.002862
23 0.032810
23 0.007613
23 0.021605
23 0.014938
23 0.007309
23 0.019207
23 0.024050
23 0.018250
23 0.019253
23 0.024294
23 0.006611
23 0.000472
23 0.021790
23 0.020612
23 0.031529
23 0.034275
23 0.012928
23 0.013039
23 0.020720
24 0.012800
24 0.016285
24 0.007900
24 0.059893
24 0.036674
24 0.008546
24 0.029594
24 0.052614
24 0.081712
24 0.070572
24 0.032578
24 0.017129
24 0.043297
24 0.068133
24 0.017475
24 0.040044
24 0.030619
24 0.035276
24 0.021171
24 0.076292
25 0.098958
25 0.021287
25 0.079230
25 0.107848
25 0.010322
25 0.093549
25 0.052023
25 0.038355
25 0.040989
25 0.068796
25 0.124343
25 0.077731
25 0.076775
25 0.118429
25 0.015517
25 0.082493
25 0.117470
25 0.029661
25 0.060168
25 0.090196
26 0.280716
26 0.241425
26 0.193913
26 0.280320
26 0.076454
26 0.141066
26 0.056650
26 0.196588
26 0.131188
26 0.199970
26 0.128386
26 0.018950
26 0.138163
26 0.173066
26 0.222986
26 0.114736
26 0.173918
26 0.297253
26 0.216849
26 0.108372
27 0.069453
27 0.167552
27 0.138483
27 0.437558
27 0.492609
27 0.043665
27 0.209109
27 0.258879
27 0.263438
27 0.392123
27 0.043269
27 0.299036
27 0.531872
27 0.363761
27 0.009518
27 0.102382
27 0.346227
27 0.302827
27 0.442268
27 0.109459
28 0.710103
28 0.755620
28 0.879425
28 0.844383
28 0.786534
28 1.243687
28 0.860828
28 0.481179
28 0.159717
28 0.802408
28 1.257804
28 1.046226
28 0.347090
28 0.230739
28 1.038360
28 0.954342
28 0.568500
28 1.035903
28 0.475496
28 0.524195
29 2.028815
29 0.815654
29 0.599296
29 0.615749
29 1.297997
29 2.603450
29 1.778725
29 1.760917
29 0.515631
29 0.646327
29 0.710918
29 0.833888
29 2.769254
29 1.370323
29 1.278739
29 1.781941
29 1.344527
29 2.343940
29 2.519857
29 2.049092
30 4.710804
30 0.388255
30 3.945440
30 4.210777
30 1.343191
30 3.540708
30 3.714011
30 2.406040
30 3.107528
30 0.032821
30 0.332819
30 1.742397
30 4.300704
30 2.931870
30 3.813099
30 2.720566
30 3.151631
30 3.759582
30 3.887571
30 0.819637
31 0.483900
31 3.239381
31 3.883068
31 0.556415
31 6.526852
31 0.806361
31 4.072670
31 1.301785
31 7.886249
31 8.732578
31 5.551618
31 9.353273
31 4.194376
31 9.333564
31 3.043014
31 6.422753
31 5.069570
31 0.347797
31 5.930870
31 7.788273
32 9.941286
32 14.307546
32 5.202311
32 13.863871
32 3.090391
32 6.813420
32 15.755786
32 8.709068
32 13.483685
32 8.678699
32 15.456262
32 10.366722
32 16.832775
32 1.679259
32 5.553564
32 4.865259
32 0.402532
32 7.089671
32 10.936060
32 7.566342
33 38.206947
33 2.336494
33 32.551233
33 7.041367
33 30.985489
33 22.103814
33 22.886750
33 25.352994
33 25.345940
33 8.048631
33 27.559097
33 31.596375
33 2.002761
33 8.419074
33 22.726731
33 22.708105
33 8.460348
33 33.179573
33 9.454001
33 14.673357
34 5.415167
34 76.459494
34 69.227070
34 17.042468
34 76.825821
34 56.259140
34 3.408438
34 41.628055
34 2.837647
34 43.864256
34 43.075881
34 47.626792
34 17.112690
34 13.337133
34 23.077923
34 72.990350
34 41.694624
34 17.001162
34 10.355876
34 6.578268
35 29.089629
35 103.708442
35 117.718891
35 13.258473
35 117.740876
35 111.938056
35 73.446592
35 14.007392
35 116.399344
35 150.583402
35 35.729290
35 22.562662
35 130.354181
35 153.304129
35 64.775952
35 82.490969
35 90.106796
35 67.788995
35 122.446505
35 152.470938
