10 0.000008
10 0.000009
10 0.000010
10 0.000004
10 0.000010
10 0.000008
10 0.000005
10 0.000009
10 0.000006
10 0.000007
10 0.000008
10 0.000003
10 0.000006
10 0.000007
10 0.000004
10 0.000009
10 0.000007
10 0.000006
10 0.000009
10 0.000007
11 0.000007
11 0.000019
11 0.000004
11 0.000005
11 0.000016
11 0.000004
11 0.000010
11 0.000019
11 0.000012
11 0.000005
11 0.000019
11 0.000019
11 0.000015
11 0.000010
11 0.000014
11 0.000008
11 0.000007
11 0.000005
11 0.000015
11 0.000012
12 0.000031
12 0.000026
12 0.000013
12 0.000019
12 0.000008
12 0.000025
12 0.000032
12 0.000031
12 0.000018
12 0.000035
12 0.000015
12 0.000009
12 0.000004
12 0.000019
12 0.000023
12 0.000030
12 0.000016
12 0.000034
12 0.000034
12 0.000032
13 0.000039
13 0.000047
13 0.000039
13 0.000004
13 0.000055
13 0.000050
13 0.000031
13 0.000057
13 0.000034
13 0.000026
13 0.000017
13 0.000048
13 0.000036
13 0.000020
13 0.000055
13 0.000010
13 0.000028
13 0.000006
13 0.000066
13 0.000054
14 0.000109
14 0.000041
14 0.000101
14 0.000061
14 0.000109
14 0.000102
14 0.000033
14 0.000039
14 0.000061
14 0.000121
14 0.000025
14 0.000031
14 0.000074
14 0.000078
14 0.000059
14 0.000081
14 0.000007
14 0.000038
14 0.000095
14 0.000110
15 0.000069
15 0.000202
15 0.000199
15 0.000119
15 0.000102
15 0.000142
15 0.000070
15 0.000160
15 0.000099
15 0.000073
15 0.000175
15 0.000082
15 0.000217
15 0.000185
15 0.000045
15 0.000190
15 0.000207
15 0.000139
15 0.000122
15 0.000045
16 0.000385
16 0.000176
16 0.000142
16 0.000197
16 0.000125
16 0.000403
16 0.000083
16 0.000255
16 0.000256
16 0.000103
16 0.000168
16 0.000326
16 0.000319
16 0.000284
16 0.000287
16 0.000345
16 0.000361
16 0.000273
16 0.000109
16 0.000355
17 0.000795
17 0.000879
17 0.000300
17 0.000476
17 0.000731
17 0.000137
17 0.000793
17 0.000167
17 0.000456
17 0.000876
17 0.000891
17 0.000356
17 0.000699
17 0.000535
17 0.000098
17 0.000384
17 0.000182
17 0.000207
17 0.000621
17 0.000359
18 0.001562
18 0.000964
18 0.001182
18 0.000573
18 0.000463
18 0.000052
18 0.001338
18 0.000387
18 0.000830
18 0.000609
18 0.000152
18 0.000839
18 0.000702
18 0.001067
18 0.000083
18 0.000707
18 0.000382
18 0.001370
18 0.000889
18 0.000632
19 0.001398
19 0.002304
19 0.002620
19 0.001921
19 0.002836
19 0.000745
19 0.002286
19 0.001791
19 0.001812
19 0.002302
19 0.001912
19 0.000924
19 0.002503
19 0.002050
19 0.001644
19 0.002295
19 0.000683
19 0.001343
19 0.000820
19 0.002520
20 0.002583
20 0.003357
20 0.000989
20 0.003308
20 0.002611
20 0.000323
20 0.004393
20 0.001382
20 0.001656
20 0.004664
20 0.000617
20 0.002109
20 0.001500
20 0.003113
20 0.001400
20 0.001642
20 0.002684
20 0.000450
20 0.000957
20 0.001385
21 0.001203
21 0.002324
21 0.005335
21 0.009577
21 0.005739
21 0.007779
21 0.004812
21 0.003239
21 0.004545
21 0.002234
21 0.009846
21 0.003107
21 0.009561
21 0.001482
21 0.007273
21 0.007481
21 0.006280
21 0.003412
21 0.000059
21 0.009427
22 0.001360
22 0.014253
22 0.016338
22 0.007693
22 0.009843
22 0.018618
22 0.000896
22 0.001348
22 0.013240
22 0.001815
22 0.012745
22 0.016750
22 0.009044
22 0.008303
22 0.008287
22 0.002853
22 0.000110
22 0.005147
22 0.009121
22 0.007509
23 0.002743
23 0.033349
23 0.007580
23 0.021546
23 0.014895
23 0.007668
23 0.019788
23 0.022636
23 0.020081
23 0.019781
23 0.024865
23 0.008527
23 0.000485
23 0.024121
23 0.023839
23 0.033260
23 0.037895
23 0.012639
23 0.014088
23 0.021568
24 0.012568
24 0.015764
24 0.007765
24 0.059900
24 0.035115
24 0.007466
24 0.027647
24 0.047315
24 0.075417
24 0.068135
24 0.030542
24 0.016394
24 0.040956
24 0.062616
24 0.016341
24 0.038585
24 0.028624
24 0.036403
24 0.020754
24 0.076163
25 0.101875
25 0.019540
25 0.075844
25 0.098125
25 0.009590
25 0.085959
25 0.051498
25 0.037866
25 0.041618
25 0.063031
25 0.113439
25 0.071358
25 0.071079
25 0.100618
25 0.013721
25 0.074145
25 0.110377
25 0.028450
25 0.058171
25 0.088632
26 0.280165
26 0.257655
26 0.198351
26 0.303961
26 0.077422
26 0.146842
26 0.061117
26 0.211742
26 0.132325
26 0.208782
26 0.132350
26 0.019198
26 0.145705
26 0.181008
26 0.220232
26 0.115006
26 0.180174
26 0.303423
26 0.226189
26 0.113264
27 0.073737
27 0.170979
27 0.145383
27 0.505675
27 0.542640
27 0.051842
27 0.261928
27 0.284387
27 0.301998
27 0.465575
27 0.056632
27 0.356449
27 0.644056
27 0.408534
27 0.009839
27 0.110477
27 0.383699
27 0.316040
27 0.459046
27 0.129287
28 0.764727
28 0.791596
28 0.972626
28 0.947684
28 0.878753
28 1.292060
28 0.930623
28 0.538478
28 0.168939
28 0.845474
28 1.347692
28 1.130444
28 0.406607
28 0.248041
28 1.123101
28 0.999490
28 0.593042
28 1.015605
28 0.441701
28 0.498466
29 2.039786
29 0.849921
29 0.600658
29 0.633534
29 1.295071
29 2.619629
29 1.774222
29 1.770607
29 0.502036
29 0.673113
29 0.707343
29 0.818188
29 2.555549
29 1.302242
29 1.336332
29 1.771750
29 1.316038
29 2.369188
29 2.586059
29 1.994740
30 4.602663
30 0.415813
30 3.889023
30 4.127447
30 1.276481
30 3.506386
30 3.596482
30 2.355847
30 2.990083
30 0.030975
30 0.324653
30 1.740666
30 4.405771
30 2.995175
30 3.941947
30 2.870090
30 3.229238
30 3.888412
30 3.994914
30 0.833845
31 0.493327
31 3.342856
31 3.912923
31 0.575539
31 6.793530
31 0.848115
31 4.282521
31 1.352799
31 8.167251
31 8.975817
31 5.706081
31 9.693722
31 4.319759
31 9.889817
31 3.283057
31 6.655537
31 5.176578
31 0.356046
31 6.123108
31 7.930197
32 10.080170
32 14.852539
32 5.306918
32 14.387604
32 3.173852
32 7.249334
32 16.239454
32 9.117969
32 13.875332
32 9.032472
32 15.703436
32 10.418111
32 17.215538
32 1.753842
32 5.526752
32 4.996630
32 0.414084
32 7.418118
32 11.271532
32 7.903647
33 38.834491
33 2.242025
33 33.348880
33 7.049717
33 31.520717
33 22.519713
33 23.380852
33 25.928597
33 25.840437
33 8.078232
33 26.897711
33 32.403485
33 2.013675
33 8.433990
33 22.480280
33 22.424306
33 8.312899
33 32.992103
33 9.327528
33 14.628376
34 5.263024
34 76.003524
34 68.416138
34 16.940816
34 76.117638
34 56.019583
34 3.423455
34 41.312341
34 2.817939
34 43.279762
34 42.769940
34 47.112352
34 17.146025
34 13.155964
34 22.889047
34 72.355668
34 41.457186
34 17.079387
34 10.207876
34 6.572744
35 28.907167
35 102.787116
35 116.686588
35 13.369668
35 121.661089
35 118.895294
