10 0.000029
10 0.000008
10 0.000010
10 0.000014
10 0.000012
10 0.000010
10 0.000014
10 0.000005
10 0.000011
10 0.000003
10 0.000009
10 0.000007
10 0.000005
10 0.000011
10 0.000005
10 0.000008
10 0.000008
10 0.000008
10 0.000004
10 0.000002
11 0.000017
11 0.000010
11 0.000008
11 0.000004
11 0.000014
11 0.000010
11 0.000017
11 0.000008
11 0.000006
11 0.000017
11 0.000009
11 0.000023
11 0.000002
11 0.000019
11 0.000003
11 0.000016
11 0.000004
11 0.000016
11 0.000020
11 0.000016
12 0.000039
12 0.000028
12 0.000016
12 0.000022
12 0.000012
12 0.000017
12 0.000016
12 0.000026
12 0.000008
12 0.000007
12 0.000020
12 0.000034
12 0.000035
12 0.000007
12 0.000041
12 0.000004
12 0.000043
12 0.000005
12 0.000008
12 0.000023
13 0.000014
13 0.000062
13 0.000061
13 0.000041
13 0.000009
13 0.000016
13 0.000008
13 0.000011
13 0.000013
13 0.000008
13 0.000012
13 0.000002
13 0.000082
13 0.000013
13 0.000065
13 0.000025
13 0.000005
13 0.000004
13 0.000053
13 0.000009
14 0.000172
14 0.000136
14 0.000099
14 0.000043
14 0.000043
14 0.000003
14 0.000057
14 0.000073
14 0.000008
14 0.000010
14 0.000127
14 0.000026
14 0.000084
14 0.000095
14 0.000053
14 0.000067
14 0.000122
14 0.000091
14 0.000060
14 0.000019
15 0.000103
15 0.000150
15 0.000193
15 0.000084
15 0.000071
15 0.000047
15 0.000145
15 0.000201
15 0.000113
15 0.000018
15 0.000196
15 0.000038
15 0.000013
15 0.000032
15 0.000184
15 0.000213
15 0.000084
15 0.000145
15 0.000260
15 0.000256
16 0.000003
16 0.000549
16 0.000233
16 0.000117
16 0.000245
16 0.000304
16 0.000247
16 0.000289
16 0.000329
16 0.000503
16 0.000175
16 0.000250
16 0.000145
16 0.000179
16 0.000624
16 0.000534
16 0.000268
16 0.000484
16 0.000073
16 0.000373
17 0.000514
17 0.000741
17 0.001045
17 0.001275
17 0.000165
17 0.000015
17 0.000848
17 0.000012
17 0.000301
17 0.001264
17 0.001075
17 0.001063
17 0.000046
17 0.000751
17 0.000911
17 0.000494
17 0.000239
17 0.000461
17 0.000103
17 0.000359
18 0.000041
18 0.000270
18 0.000729
18 0.000537
18 0.001917
18 0.000485
18 0.001906
18 0.000046
18 0.000515
18 0.000020
18 0.000721
18 0.001510
18 0.000173
18 0.001038
18 0.000898
18 0.000708
18 0.000035
18 0.000812
18 0.000693
18 0.001750
19 0.002384
19 0.000750
19 0.000075
19 0.001128
19 0.000540
19 0.000520
19 0.001827
19 0.000460
19 0.000768
19 0.001383
19 0.000985
19 0.002218
19 0.002884
19 0.000889
19 0.000476
19 0.000245
19 0.002185
19 0.000413
19 0.002882
19 0.000607
20 0.001865
20 0.002862
20 0.000110
20 0.001994
20 0.003409
20 0.002322
20 0.001594
20 0.000125
20 0.003306
20 0.001618
20 0.001369
20 0.000781
20 0.002462
20 0.001770
20 0.004347
20 0.002515
20 0.000544
20 0.003812
20 0.000339
20 0.003184
21 0.010159
21 0.001829
21 0.002502
21 0.001046
21 0.003047
21 0.007639
21 0.002590
21 0.008797
21 0.003259
21 0.000724
21 0.004733
21 0.001179
21 0.003330
21 0.004021
21 0.003837
21 0.002896
21 0.001562
21 0.001818
21 0.002393
21 0.002430
22 0.003543
22 0.013108
22 0.018182
22 0.002182
22 0.023231
22 0.010494
22 0.005856
22 0.003868
22 0.009133
22 0.012009
22 0.001965
22 0.002599
22 0.011287
22 0.022610
22 0.000861
22 0.020183
22 0.006842
22 0.006763
22 0.002568
22 0.001069
23 0.005298
23 0.015331
23 0.011424
23 0.022188
23 0.008908
23 0.003684
23 0.008607
23 0.025184
23 0.026684
23 0.000359
23 0.012760
23 0.004957
23 0.021504
23 0.045561
23 0.012582
23 0.034513
23 0.000399
23 0.015234
23 0.017790
23 0.044822
24 0.005466
24 0.036960
24 0.042434
24 0.006711
24 0.091007
24 0.025034
24 0.041672
24 0.053438
24 0.056822
24 0.099299
24 0.045039
24 0.092247
24 0.033933
24 0.032046
24 0.082537
24 0.043151
24 0.063387
24 0.018333
24 0.038555
24 0.003565
25 0.068604
25 0.010845
25 0.095468
25 0.035631
25 0.027667
25 0.005583
25 0.017918
25 0.011415
25 0.030504
25 0.086719
25 0.067880
25 0.017017
25 0.071898
25 0.007449
25 0.066836
25 0.006395
25 0.016078
25 0.009659
25 0.037329
25 0.096897
26 0.101937
26 0.008717
26 0.005498
26 0.028248
26 0.003200
26 0.052528
26 0.210271
26 0.212425
26 0.102695
26 0.121509
26 0.309903
26 0.074703
26 0.103637
26 0.087680
26 0.340792
26 0.098422
26 0.018670
26 0.066942
26 0.073485
26 0.167551
27 0.403559
27 0.496637
27 0.179836
27 0.207036
27 0.168462
27 0.179051
27 0.223840
27 0.297972
27 0.278232
27 0.462749
27 0.042861
27 0.087594
27 0.050385
27 0.030513
27 0.436625
27 0.166512
27 0.013766
27 0.025184
27 0.524067
27 0.284938
28 0.581823
28 0.432835
28 0.776532
28 0.339328
28 0.342269
28 0.960656
28 0.367631
28 0.429346
28 0.464416
28 0.293987
28 0.865057
28 0.567099
28 0.050676
28 0.390954
28 0.841833
28 1.081907
28 0.515837
28 0.814106
28 0.570603
28 1.352209
29 0.336653
29 0.425406
29 1.997015
29 0.188375
29 2.292238
29 0.984383
29 0.354864
29 0.312258
29 0.061120
29 2.229402
29 0.808978
29 1.342957
29 0.000979
29 0.060488
29 1.346701
29 0.862986
29 1.607880
29 0.346627
29 0.017435
29 0.288311
30 3.474358
30 3.144969
30 4.862063
30 0.607669
30 2.288406
30 0.933251
30 4.229327
30 1.284145
30 0.623434
30 2.127186
30 4.079344
30 4.029338
30 1.666604
30 5.747822
30 6.011283
30 1.678117
30 5.439533
30 2.557559
30 0.411670
30 1.127926
31 9.289324
31 3.063183
31 4.646865
31 6.986730
31 5.786556
31 9.252551
31 5.577691
31 2.965895
31 2.812041
31 0.428676
31 4.802354
31 1.081100
31 7.839829
31 4.591127
31 6.383655
31 8.935048
31 4.035102
31 0.733770
31 4.572838
31 3.784641
32 4.771874
32 5.067576
32 16.680865
32 3.280166
32 0.769957
32 4.272828
32 12.006510
32 19.537703
32 14.808383
32 6.153660
32 22.999903
32 7.690854
32 0.113358
32 4.502198
32 12.104986
32 21.837365
32 7.905711
32 1.506426
32 5.133921
32 19.805150
33 27.997636
33 11.905815
33 34.108593
33 1.203857
33 18.285075
33 1.356785
33 0.213265
33 16.024698
33 4.138239
33 4.384146
33 12.640096
33 35.275235
33 32.077250
33 7.135512
33 16.048389
33 4.786164
33 1.947514
33 20.760132
33 19.754280
33 5.151858
34 62.528589
34 2.027483
34 8.881411
34 64.571731
34 79.965901
34 28.927298
34 18.424343
34 57.306378
34 12.552112
34 19.241957
34 42.762995
34 95.136141
34 6.398075
34 58.131558
34 51.902012
34 1.357431
34 52.562830
34 25.840858
34 68.470555
34 18.421220
35 89.609703
35 103.042893
35 32.909123
35 1.101478
35 54.373750
35 33.502270
35 34.583202
35 35.657515
35 86.572229
35 32.400011
35 113.188939
35 15.496866
35 80.554646
35 9.199691