10 0.000051 
10 0.000006 
10 0.000005 
10 0.000003 
10 0.000004 
10 0.000005 
10 0.000004 
10 0.000004 
10 0.000006 
10 0.000004 
10 0.000005 
10 0.000004 
10 0.000004 
10 0.000004 
10 0.000003 
10 0.000005 
10 0.000003 
10 0.000004 
10 0.000005 
10 0.000004 
11 0.000014 
11 0.000007 
11 0.000005 
11 0.000005 
11 0.000005 
11 0.000005 
11 0.000005 
11 0.000005 
11 0.000006 
11 0.000005 
11 0.000006 
11 0.000005 
11 0.000005 
11 0.000005 
11 0.000005 
11 0.000006 
11 0.000005 
11 0.000006 
11 0.000005 
11 0.000005 
12 0.000007 
12 0.000007 
12 0.000006 
12 0.000007 
12 0.000006 
12 0.000006 
12 0.000006 
12 0.000006 
12 0.000007 
12 0.000007 
12 0.000006 
12 0.000006 
12 0.000006 
12 0.000006 
12 0.000006 
12 0.000006 
12 0.000005 
12 0.000008 
12 0.000006 
12 0.000006 
13 0.000014 
13 0.000009 
13 0.000008 
13 0.000007 
13 0.000007 
13 0.000009 
13 0.000008 
13 0.000007 
13 0.000008 
13 0.000007 
13 0.000009 
13 0.000009 
13 0.000008 
13 0.000006 
13 0.000008 
13 0.000007 
13 0.000008 
13 0.000007 
13 0.000008 
13 0.000009 
14 0.000015 
14 0.000010 
14 0.000010 
14 0.000010 
14 0.000011 
14 0.000010 
14 0.000011 
14 0.000009 
14 0.000010 
14 0.000010 
14 0.000011 
14 0.000009 
14 0.000010 
14 0.000009 
14 0.000008 
14 0.000009 
14 0.000008 
14 0.000009 
14 0.000009 
14 0.000010 
15 0.000016 
15 0.000018 
15 0.000016 
15 0.000017 
15 0.000015 
15 0.000017 
15 0.000014 
15 0.000014 
15 0.000016 
15 0.000015 
15 0.000014 
15 0.000016 
15 0.000014 
15 0.000016 
15 0.000015 
15 0.000014 
15 0.000015 
15 0.000015 
15 0.000014 
15 0.000013 
16 0.000027 
16 0.000023 
16 0.000021 
16 0.000023 
16 0.000020 
16 0.000021 
16 0.000020 
16 0.000022 
16 0.000020 
16 0.000020 
16 0.000021 
16 0.000022 
16 0.000019 
16 0.000021 
16 0.000021 
16 0.000020 
16 0.000022 
16 0.000020 
16 0.000020 
16 0.000022 
17 0.000043 
17 0.000035 
17 0.000036 
17 0.000050 
17 0.000026 
17 0.000027 
17 0.000030 
17 0.000029 
17 0.000025 
17 0.000030 
17 0.000027 
17 0.000025 
17 0.000027 
17 0.000027 
17 0.000026 
17 0.000027 
17 0.000029 
17 0.000027 
17 0.000027 
17 0.000026 
18 0.000049 
18 0.000042 
18 0.000043 
18 0.000040 
18 0.000037 
18 0.000038 
18 0.000040 
18 0.000035 
18 0.000036 
18 0.000037 
18 0.000036 
18 0.000036 
18 0.000038 
18 0.000040 
18 0.000035 
18 0.000039 
18 0.000037 
18 0.000040 
18 0.000038 
18 0.000037 
19 0.000076 
19 0.000067 
19 0.000065 
19 0.000063 
19 0.000057 
19 0.000061 
19 0.000063 
19 0.000058 
19 0.000058 
19 0.000062 
19 0.000064 
19 0.000074 
19 0.000061 
19 0.000058 
19 0.000054 
19 0.000106 
19 0.000063 
19 0.000057 
19 0.000056 
19 0.000063 
20 0.000086 
20 0.000079 
20 0.000081 
20 0.000083 
20 0.000089 
20 0.000101 
20 0.000076 
20 0.000081 
20 0.000078 
20 0.000092 
20 0.000083 
20 0.000079 
20 0.000085 
20 0.000077 
20 0.000079 
20 0.000077 
20 0.000085 
20 0.000079 
20 0.000082 
20 0.000079 
21 0.000134 
21 0.000129 
21 0.000130 
21 0.000141 
21 0.000139 
21 0.000143 
21 0.000123 
21 0.000126 
21 0.000123 
21 0.000122 
21 0.000134 
21 0.000132 
21 0.000133 
21 0.000128 
21 0.000134 
21 0.000133 
21 0.000126 
21 0.000119 
21 0.000119 
21 0.000125 
22 0.000183 
22 0.000187 
22 0.000170 
22 0.000172 
22 0.000174 
22 0.000190 
22 0.000186 
22 0.000169 
22 0.000190 
22 0.000167 
22 0.000170 
22 0.000194 
22 0.000183 
22 0.000192 
22 0.000190 
22 0.000176 
22 0.000177 
22 0.000178 
22 0.000182 
22 0.000190 
23 0.000261 
23 0.000256 
23 0.000263 
23 0.000260 
23 0.000258 
23 0.000249 
23 0.000227 
23 0.000238 
23 0.000259 
23 0.000225 
23 0.000260 
23 0.000216 
23 0.000256 
23 0.000239 
23 0.000218 
23 0.000234 
23 0.000234 
23 0.000228 
23 0.000224 
23 0.000226 
24 0.000345 
24 0.000349 
24 0.000330 
24 0.000351 
24 0.000324 
24 0.000307 
24 0.000320 
24 0.000348 
24 0.000399 
24 0.000351 
24 0.000362 
24 0.000329 
24 0.000309 
24 0.000338 
24 0.000323 
24 0.000324 
24 0.000319 
24 0.000308 
24 0.000306 
24 0.000331 
25 0.000580 
25 0.000488 
25 0.000527 
25 0.000480 
25 0.000509 
25 0.000524 
25 0.000489 
25 0.000505 
25 0.000511 
25 0.000493 
25 0.000528 
25 0.000486 
25 0.000486 
25 0.000485 
25 0.000481 
25 0.000481 
25 0.000520 
25 0.000535 
25 0.000521 
25 0.000493 
26 0.000745 
26 0.000708 
26 0.000690 
26 0.000665 
26 0.000727 
26 0.000725 
26 0.000677 
26 0.000663 
26 0.000691 
26 0.000715 
26 0.000721 
26 0.000655 
26 0.000697 
26 0.000698 
26 0.000713 
26 0.000718 
26 0.000655 
26 0.000759 
26 0.000693 
26 0.000673 
27 0.001251 
27 0.001098 
27 0.001088 
27 0.001091 
27 0.001140 
27 0.001076 
27 0.001154 
27 0.001089 
27 0.001144 
27 0.001026 
27 0.000954 
27 0.001006 
27 0.000921 
27 0.000975 
27 0.000949 
27 0.001275 
27 0.000953 
27 0.001091 
27 0.001250 
27 0.001334 
28 0.001798 
28 0.001252 
28 0.001288 
28 0.001242 
28 0.001270 
28 0.001377 
28 0.001528 
28 0.001300 
28 0.001161 
28 0.001202 
28 0.001312 
28 0.001513 
28 0.001882 
28 0.001720 
28 0.001422 
28 0.001301 
28 0.001336 
28 0.001342 
28 0.001209 
28 0.001155 
29 0.001937 
29 0.001811 
29 0.002583 
29 0.002178 
29 0.001928 
29 0.002116 
29 0.001951 
29 0.001948 
29 0.002008 
29 0.002009 
29 0.002643 
29 0.002353 
29 0.002257 
29 0.001982 
29 0.002020 
29 0.001978 
29 0.001909 
29 0.002065 
29 0.001929 
29 0.001955 
30 0.002938 
30 0.002544 
30 0.002523 
30 0.002865 
30 0.002858 
30 0.002885 
30 0.002804 
30 0.002744 
30 0.002742 
30 0.002604 
30 0.002662 
30 0.002967 
30 0.002817 
30 0.002761 
30 0.002646 
30 0.002679 
30 0.002837 
30 0.002814 
30 0.002683 
30 0.002535 
31 0.004558 
31 0.004454 
31 0.004611 
31 0.004476 
31 0.004067 
31 0.004294 
31 0.004407 
31 0.003961 
31 0.004069 
31 0.004561 
31 0.004129 
31 0.004329 
31 0.003929 
31 0.004926 
31 0.004497 
31 0.004187 
31 0.004011 
31 0.004872 
31 0.004936 
31 0.004243 
32 0.006660 
32 0.006153 
32 0.005811 
32 0.006034 
32 0.006089 
32 0.006147 
32 0.006578 
32 0.005652 
32 0.006465 
32 0.005783 
32 0.006049 
32 0.006591 
32 0.005905 
32 0.005668 
32 0.006135 
32 0.005891 
32 0.006069 
32 0.006259 
32 0.005955 
32 0.006169 
33 0.009848 
33 0.009740 
33 0.010341 
33 0.010156 
33 0.009412 
33 0.010803 
33 0.011137 
33 0.009160 
33 0.010326 
33 0.009822 
33 0.010064 
33 0.009620 
33 0.008728 
33 0.009003 
33 0.009556 
33 0.010220 
33 0.009681 
33 0.009832 
33 0.009294 
33 0.009188 
34 0.013805 
34 0.014040 
34 0.013749 
34 0.013397 
34 0.013895 
34 0.014402 
34 0.013800 
34 0.014076 
34 0.013668 
34 0.013935 
34 0.014615 
34 0.013707 
34 0.012913 
34 0.013269 
34 0.013894 
34 0.013463 
34 0.013339 
34 0.013611 
34 0.012912 
34 0.013279 
35 0.022206 
35 0.020681 
35 0.020819 
35 0.019408 
35 0.021200 
35 0.020914 
35 0.020986 
35 0.019939 
35 0.023528 
35 0.022915 
35 0.021245 
35 0.019885 
35 0.020384 
35 0.021941 
35 0.020947 
35 0.019758 
35 0.024379 
35 0.021732 
35 0.023985 
35 0.022977 
36 0.031119 
36 0.029629 
36 0.030493 
36 0.031012 
36 0.030342 
36 0.032403 
36 0.030963 
36 0.032766 
36 0.029859 
36 0.036622 
36 0.034604 
36 0.035822 
36 0.034513 
36 0.032094 
36 0.031718 
36 0.031737 
36 0.032315 
36 0.028705 
36 0.031687 
36 0.030496 
37 0.045320 
37 0.044032 
37 0.046847 
37 0.047959 
37 0.045180 
37 0.045108 
37 0.044708 
37 0.043920 
37 0.042526 
37 0.044455 
37 0.044796 
37 0.048699 
37 0.044152 
37 0.042929 
37 0.047272 
37 0.047827 
37 0.045866 
37 0.048802 
37 0.047461 
37 0.049754 
38 0.068105 
38 0.069839 
38 0.065519 
38 0.066344 
38 0.067389 
38 0.066027 
38 0.073022 
38 0.073776 
38 0.079927 
38 0.071252 
38 0.067405 
38 0.063412 
38 0.067331 
38 0.071746 
38 0.079883 
38 0.077768 
38 0.079359 
38 0.076834 
38 0.080519 
38 0.079909 
39 0.116730 
39 0.104154 
39 0.106522 
39 0.128917 
39 0.110349 
39 0.104568 
39 0.108604 
39 0.112633 
39 0.108048 
39 0.114267 
39 0.108226 
39 0.104623 
39 0.105844 
39 0.097098 
39 0.096963 
39 0.096501 
39 0.096213 
39 0.094579 
39 0.097105 
39 0.105061 
40 0.144433 
40 0.137225 
40 0.134829 
40 0.144206 
40 0.148609 
40 0.135101 
40 0.143246 
40 0.173613 
40 0.163646 
40 0.137612 
40 0.151640 
40 0.149621 
40 0.133170 
40 0.138167 
40 0.145586 
40 0.142783 
40 0.138608 
40 0.134812 
40 0.133381 
40 0.142270 
41 0.259304 
41 0.230070 
41 0.214512 
41 0.224917 
41 0.211997 
41 0.226353 
41 0.211420 
41 0.215216 
41 0.208030 
41 0.202484 
41 0.215043 
41 0.213896 
41 0.213902 
41 0.212966 
41 0.213679 
41 0.204984 
41 0.211193 
41 0.213885 
41 0.215200 
41 0.214109 
42 0.310509 
42 0.301874 
42 0.309703 
42 0.316938 
42 0.344186 
42 0.303076 
42 0.329261 
42 0.313758 
42 0.347859 
42 0.352544 
42 0.352084 
42 0.354456 
42 0.332400 
42 0.316954 
42 0.336799 
42 0.350792 
42 0.344717 
42 0.371556 
42 0.369825 
42 0.365380 
43 0.601385 
43 0.540758 
43 0.534820 
43 0.529818 
43 0.517294 
43 0.533592 
43 0.477719 
43 0.497222 
43 0.533523 
43 0.544303 
43 0.480252 
43 0.461691 
43 0.483400 
43 0.472931 
43 0.495505 
43 0.488934 
43 0.491313 
43 0.483061 
43 0.466336 
43 0.531427 
44 0.677667 
44 0.656094 
44 0.666547 
44 0.627819 
44 0.676881 
44 0.665055 
44 0.643251 
44 0.680960 
44 0.699309 
44 0.630038 
44 0.661788 
44 0.667180 
44 0.669994 
44 0.649302 
44 0.653225 
44 0.658698 
44 0.709648 
44 0.648118 
44 0.630092 
44 0.641036 
45 1.034389 
45 1.015461 
45 1.066571 
45 1.033814 
45 0.984057 
45 1.026672 
45 1.012301 
45 1.033296 
45 1.033095 
45 1.006776 
45 1.006913 
45 1.082074 
45 0.972753 
45 1.081857 
45 1.008184 
45 0.978473 
45 0.996264 
45 0.996395 
45 1.030408 
45 0.996239 
46 1.426303 
46 1.446991 
46 1.437277 
46 1.445467 
46 1.398099 
46 1.389636 
46 1.412200 
46 1.432357 
46 1.423634 
46 1.459571 
46 1.489403 
46 1.380673 
46 1.387941 
46 1.468539 
46 1.580746 
46 1.392732 
46 1.398955 
46 1.461607 
46 1.449244 
46 1.356518 
47 2.123370 
47 2.113608 
47 2.081977 
47 2.104022 
47 2.163931 
47 2.109347 
47 2.168677 
47 2.119299 
47 2.129453 
47 2.098946 
47 2.107252 
47 2.174063 
47 2.056156 
47 2.151023 
47 2.114056 
47 2.103398 
47 2.095085 
47 2.105689 
47 2.080555 
47 2.117939 
48 2.941286 
48 2.931725 
48 2.976176 
48 2.894910 
48 2.931247 
48 2.877667 
48 3.099215 
48 2.947288 
48 2.962663 
48 2.990591 
48 2.948844 
48 3.078056 
48 3.032208 
48 3.078643 
48 2.962202 
48 2.957381 
48 2.861577 
48 2.912226 
48 3.071119 
48 3.027917 
49 4.828571 
49 4.628329 
49 4.696780 
49 4.613987 
49 4.641140 
49 4.663211 
49 4.662696 
49 4.728306 
49 4.599521 
49 4.623860 
49 4.650607 
49 4.499201 
49 4.687537 
49 4.536075 
49 4.597011 
49 4.541438 
49 4.537943 
49 4.575999 
49 4.439282 
49 4.672421 
50 6.522957 
50 6.360224 
50 6.294526 
50 6.454260 
50 6.287757 
50 6.521067 
50 6.288531 
50 6.359178 
50 6.398523 
50 6.420324 
50 6.445144 
50 6.540446 
50 6.384957 
50 6.242376 
50 6.354198 
50 6.501930 
50 6.260295 
50 6.494655 
50 6.432196 
50 6.521226 
51 10.030257 
51 9.819933 
51 9.972703 
51 10.085581 
51 9.772601 
51 9.920000 
51 9.853489 
51 10.007066 
51 9.513215 
51 9.770316 
51 10.002170 
51 9.856393 
51 9.733649 
51 9.975953 
51 9.761666 
51 9.575278 
51 9.894798 
51 9.718183 
51 10.000127 
51 9.676229 
52 13.913172 
52 13.806392 
52 13.482650 
52 13.593770 
52 13.759712 
52 13.341030 
52 13.864104 
52 13.768378 
52 13.359642 
52 13.629253 
52 13.611665 
52 13.591386 
52 13.538522 
52 13.623536 
52 13.794424 
52 13.477762 
52 13.762468 
52 13.527569 
52 13.965171 
52 13.528628 
53 21.296262 
53 21.408677 
53 21.487886 
53 21.412615 
53 21.289275 
53 21.707747 
53 21.485304 
53 21.470863 
53 22.017283 
53 20.810922 
53 20.451715 
53 20.009401 
53 20.865363 
53 20.123516 
53 20.446389 
53 20.550163 
53 20.462038 
53 20.559468 
53 20.305601 
53 20.750930 
54 28.371104 
54 28.404737 
54 28.179191 
54 29.159274 
54 28.332572 
54 28.207942 
54 28.753192 
54 28.533173 
54 28.731228 
54 28.730928 
54 29.270998 
54 28.794121 
54 28.226693 
54 28.048315 
54 27.939367 
54 28.244338 
54 28.133622 
54 29.093128 
54 29.621067 
54 28.119268 
55 43.124669 
55 43.671618 
55 42.824472 
55 45.606952 
55 44.459553 
55 43.385127 
55 44.802567 
55 43.518047 
55 42.648757 
55 43.630002 
55 43.418524 
55 43.157389 
55 43.612008 
55 43.828628 
55 43.618355 
55 43.435227 
55 43.730846 
55 43.576125 
55 43.316277 
55 44.179006 
56 60.611273 
56 58.692794 
56 58.847542 
56 59.141355 
56 60.355529 
56 60.005892 
56 58.729287 
56 59.569230 
56 59.419881 
56 59.974137 
56 60.809058 
56 59.573043 
56 58.761731 
56 59.360733 
56 59.464616 
56 61.153691 
56 59.546690 
56 60.999270 
56 60.008191 
56 58.609785 
57 93.863567 
57 92.948445 
57 92.425926 
57 93.381147 
57 93.189060 
57 94.048357 
57 91.553806 
57 93.941018 
57 93.717847 
57 91.891403 
57 92.542716 
57 98.795551 
57 97.224126 
57 98.499088 
57 99.033284 
57 95.784023 
57 107.612932 
57 103.108564 
57 100.124820 
57 102.161608 
