0  1
1  2
2  4
3  8
4  16
5  32
6  64
7  126
8  243
9  471
10  897
11  1683
12  3140
13  5771
14  10342
15  17984
16  30493
17  49701
18  77748
19  117077
20  169629
21  235215
22  313331
23  399772
24  489718
25  575368
26  650327
27  707654
28  741062
29  750037
30  732162
31  691198
32  631823
33  557603
34  475891
35  393783
36  315792
37  245464
38  185185
39  136162
40  97400
41  67275
42  45589
43  29795
44  18953
45  11751
46  6981
47  4090
48  2338
49  1329
50  746
51  376
52  195
53  102
54  51
55  25
56  16
57  4
58  3
59  1
60  1
