10  1.100e-05
22  8.000e-06
46  1.800e-05
100  4.500e-05
215  1.190e-04
464  2.570e-04
1000  6.550e-04
2154  1.584e-03
4642  3.692e-03
10000  9.497e-03
21544  2.701e-02
46416  6.142e-02
100000  1.746e-01
215443  5.523e-01
464159  1.618e+00
1000000  4.416e+00
2154435  1.095e+01
4641589  2.885e+01
10000000  7.565e+01
10  5.000e-06
22  6.000e-06
46  1.300e-05
100  3.700e-05
215  9.500e-05
464  2.430e-04
1000  5.970e-04
2154  1.430e-03
4642  3.580e-03
10000  9.180e-03
21544  1.959e-02
46416  5.339e-02
100000  1.518e-01
215443  4.634e-01
464159  1.428e+00
1000000  4.058e+00
2154435  1.096e+01
4641589  2.891e+01
10000000  7.230e+01
10  4.000e-06
22  6.000e-06
46  1.200e-05
100  3.600e-05
215  9.500e-05
464  2.420e-04
1000  6.260e-04
2154  1.418e-03
4642  3.558e-03
10000  9.095e-03
21544  1.878e-02
46416  4.667e-02
100000  1.238e-01
215443  4.037e-01
464159  1.331e+00
1000000  3.759e+00
2154435  1.038e+01
4641589  2.743e+01
10000000  7.081e+01
10  5.000e-06
22  6.000e-06
46  1.500e-05
100  3.700e-05
215  9.900e-05
464  2.540e-04
1000  6.270e-04
2154  1.485e-03
4642  3.582e-03
10000  9.153e-03
21544  1.853e-02
46416  4.607e-02
100000  1.211e-01
215443  4.001e-01
464159  1.329e+00
1000000  3.818e+00
2154435  1.039e+01
4641589  2.756e+01
10000000  7.252e+01
10  5.000e-06
22  5.000e-06
46  1.400e-05
100  3.700e-05
215  9.500e-05
464  2.420e-04
1000  5.960e-04
2154  1.392e-03
4642  3.592e-03
10000  9.027e-03
21544  1.842e-02
46416  4.617e-02
100000  1.229e-01
215443  4.003e-01
464159  1.313e+00
1000000  3.772e+00
2154435  1.039e+01
4641589  2.767e+01
10000000  7.232e+01
10  4.000e-06
22  6.000e-06
46  1.500e-05
100  3.900e-05
215  9.600e-05
464  2.490e-04
1000  6.110e-04
2154  1.448e-03
4642  3.536e-03
10000  9.068e-03
21544  1.824e-02
46416  4.575e-02
100000  1.198e-01
215443  3.950e-01
464159  1.296e+00
1000000  3.831e+00
2154435  1.032e+01
4641589  2.764e+01
10000000  7.231e+01
10  5.000e-06
22  5.000e-06
46  1.400e-05
100  3.500e-05
215  9.200e-05
464  2.400e-04
1000  6.190e-04
2154  1.391e-03
4642  3.574e-03
10000  9.091e-03
21544  1.864e-02
46416  4.626e-02
100000  1.214e-01
215443  4.171e-01
464159  1.317e+00
1000000  3.789e+00
2154435  1.035e+01
4641589  2.755e+01
10000000  7.247e+01
10  5.000e-06
22  5.000e-06
46  1.400e-05
100  3.800e-05
215  9.600e-05
464  2.500e-04
1000  6.340e-04
2154  1.472e-03
4642  3.571e-03
10000  9.121e-03
21544  1.834e-02
46416  4.622e-02
100000  1.207e-01
215443  3.965e-01
464159  1.320e+00
1000000  3.854e+00
2154435  1.043e+01
4641589  2.757e+01
10000000  7.191e+01
10  3.000e-06
22  5.000e-06
46  1.300e-05
100  3.600e-05
215  9.400e-05
464  2.400e-04
1000  6.180e-04
2154  1.378e-03
4642  3.556e-03
10000  9.060e-03
21544  1.852e-02
46416  4.734e-02
100000  1.224e-01
215443  4.076e-01
464159  1.329e+00
1000000  3.773e+00
2154435  1.041e+01
4641589  2.767e+01
10000000  7.200e+01
10  4.000e-06
22  6.000e-06
46  1.500e-05
100  3.700e-05
215  9.700e-05
464  2.400e-04
1000  6.150e-04
2154  1.430e-03
4642  3.606e-03
10000  9.196e-03
21544  1.871e-02
46416  4.698e-02
100000  1.233e-01
215443  4.281e-01
464159  1.310e+00
1000000  3.844e+00
2154435  1.035e+01
4641589  2.757e+01
10000000  7.200e+01
10  5.000e-06
22  6.000e-06
46  1.300e-05
100  3.700e-05
215  9.400e-05
464  2.450e-04
1000  6.290e-04
2154  1.433e-03
4642  3.576e-03
10000  9.140e-03
21544  1.896e-02
46416  4.596e-02
100000  1.327e-01
215443  3.989e-01
464159  1.317e+00
1000000  3.809e+00
2154435  1.046e+01
4641589  2.756e+01
10000000  7.269e+01
10  4.000e-06
22  5.000e-06
46  1.300e-05
100  3.600e-05
215  9.500e-05
464  2.430e-04
1000  5.900e-04
2154  1.432e-03
4642  3.486e-03
10000  8.961e-03
21544  1.808e-02
46416  4.539e-02
100000  1.188e-01
215443  3.944e-01
464159  1.294e+00
1000000  3.780e+00
2154435  1.031e+01
4641589  2.756e+01
10000000  7.181e+01
10  3.000e-06
22  6.000e-06
46  1.200e-05
100  3.500e-05
215  9.400e-05
464  2.310e-04
1000  5.920e-04
2154  1.345e-03
4642  3.580e-03
10000  9.052e-03
21544  1.866e-02
46416  4.681e-02
100000  1.232e-01
215443  3.994e-01
464159  1.309e+00
1000000  3.799e+00
2154435  1.033e+01
4641589  2.763e+01
10000000  7.250e+01
10  4.000e-06
22  6.000e-06
46  1.300e-05
100  3.700e-05
215  9.500e-05
464  2.490e-04
1000  6.150e-04
2154  1.426e-03
4642  3.592e-03
10000  9.189e-03
21544  1.859e-02
46416  5.289e-02
100000  1.238e-01
215443  4.043e-01
464159  1.305e+00
1000000  3.827e+00
2154435  1.036e+01
4641589  2.755e+01
10000000  7.224e+01
10  4.000e-06
22  6.000e-06
46  1.400e-05
100  3.700e-05
215  9.700e-05
464  2.400e-04
1000  6.130e-04
2154  1.422e-03
4642  3.548e-03
10000  9.040e-03
21544  1.829e-02
46416  4.597e-02
100000  1.205e-01
215443  3.966e-01
464159  1.301e+00
1000000  3.784e+00
2154435  1.036e+01
4641589  2.780e+01
10000000  7.249e+01
10  4.000e-06
22  6.000e-06
46  1.400e-05
100  3.600e-05
215  9.400e-05
464  2.420e-04
1000  6.000e-04
2154  1.468e-03
4642  3.507e-03
10000  8.961e-03
21544  1.822e-02
46416  4.559e-02
100000  1.195e-01
215443  3.948e-01
464159  1.302e+00
1000000  3.828e+00
2154435  1.037e+01
4641589  2.774e+01
10000000  7.190e+01
10  5.000e-06
22  5.000e-06
46  1.400e-05
100  3.700e-05
215  9.200e-05
464  2.380e-04
1000  5.840e-04
2154  1.369e-03
4642  3.551e-03
10000  9.046e-03
21544  1.851e-02
46416  4.643e-02
100000  1.220e-01
215443  4.144e-01
464159  1.303e+00
1000000  3.798e+00
2154435  1.048e+01
4641589  2.764e+01
10000000  7.225e+01
10  3.000e-06
22  5.000e-06
46  1.400e-05
100  3.700e-05
215  9.500e-05
464  2.470e-04
1000  6.070e-04
2154  1.409e-03
4642  3.573e-03
10000  9.177e-03
21544  1.864e-02
46416  4.642e-02
100000  1.237e-01
215443  4.079e-01
464159  1.305e+00
1000000  3.771e+00
2154435  1.043e+01
4641589  2.748e+01
10000000  7.227e+01
10  4.000e-06
22  5.000e-06
46  1.400e-05
100  3.600e-05
215  9.600e-05
464  2.390e-04
1000  6.070e-04
2154  1.436e-03
4642  3.540e-03
10000  9.141e-03
21544  1.825e-02
46416  4.590e-02
100000  1.212e-01
215443  3.967e-01
464159  1.358e+00
1000000  3.772e+00
2154435  1.049e+01
4641589  2.755e+01
10000000  7.207e+01
10  5.000e-06
22  6.000e-06
46  1.300e-05
100  3.700e-05
215  9.500e-05
464  2.460e-04
1000  6.020e-04
2154  1.488e-03
4642  3.538e-03
10000  9.099e-03
21544  1.831e-02
46416  4.599e-02
100000  1.199e-01
215443  3.954e-01
464159  1.328e+00
1000000  3.791e+00
2154435  1.046e+01
4641589  2.754e+01
10000000  7.222e+01
10  4.000e-06
22  6.000e-06
46  1.200e-05
100  3.700e-05
215  9.100e-05
464  2.350e-04
1000  6.010e-04
2154  1.389e-03
4642  3.494e-03
10000  8.916e-03
21544  1.814e-02
46416  4.604e-02
100000  1.191e-01
215443  3.988e-01
464159  1.302e+00
1000000  3.788e+00
2154435  1.036e+01
4641589  2.744e+01
10000000  7.201e+01
10  5.000e-06
22  5.000e-06
46  1.300e-05
100  3.700e-05
215  9.600e-05
464  2.490e-04
1000  6.110e-04
2154  1.490e-03
4642  3.576e-03
10000  9.169e-03
21544  1.858e-02
46416  4.674e-02
100000  1.229e-01
215443  4.043e-01
464159  1.328e+00
1000000  3.817e+00
2154435  1.044e+01
4641589  2.765e+01
10000000  7.252e+01
10  4.000e-06
22  5.000e-06
46  1.500e-05
100  3.700e-05
215  9.600e-05
464  2.460e-04
1000  6.020e-04
2154  1.430e-03
4642  3.492e-03
10000  8.906e-03
21544  1.803e-02
46416  4.521e-02
100000  1.194e-01
215443  4.027e-01
464159  1.313e+00
1000000  3.790e+00
2154435  1.034e+01
4641589  2.748e+01
10000000  7.231e+01
10  5.000e-06
22  7.000e-06
46  1.400e-05
100  3.600e-05
215  9.600e-05
464  2.500e-04
1000  6.360e-04
2154  1.546e-03
4642  3.578e-03
10000  9.383e-03
21544  1.941e-02
46416  4.772e-02
100000  1.229e-01
215443  4.096e-01
464159  1.315e+00
1000000  3.800e+00
2154435  1.045e+01
4641589  2.759e+01
10000000  7.204e+01
10  5.000e-06
22  6.000e-06
46  1.300e-05
100  3.800e-05
215  9.600e-05
464  2.470e-04
1000  6.010e-04
2154  1.377e-03
4642  3.651e-03
10000  9.256e-03
21544  1.872e-02
46416  4.690e-02
100000  1.231e-01
215443  4.088e-01
464159  1.306e+00
1000000  3.799e+00
2154435  1.056e+01
4641589  2.763e+01
10000000  7.263e+01
10  4.000e-06
22  6.000e-06
46  1.400e-05
100  3.700e-05
215  9.700e-05
464  2.470e-04
1000  6.390e-04
2154  1.447e-03
4642  3.510e-03
10000  8.958e-03
21544  1.833e-02
46416  4.554e-02
100000  1.188e-01
215443  4.033e-01
464159  1.319e+00
1000000  3.783e+00
2154435  1.031e+01
4641589  2.760e+01
10000000  7.199e+01
10  5.000e-06
22  6.000e-06
46  1.300e-05
100  3.600e-05
215  9.100e-05
464  2.370e-04
1000  6.040e-04
2154  1.368e-03
4642  3.554e-03
10000  9.076e-03
21544  1.846e-02
46416  4.650e-02
100000  1.225e-01
215443  4.049e-01
464159  1.324e+00
1000000  3.791e+00
2154435  1.042e+01
4641589  2.741e+01
10000000  7.194e+01
10  4.000e-06
22  6.000e-06
46  1.400e-05
100  3.900e-05
215  1.020e-04
464  2.590e-04
1000  6.550e-04
2154  1.558e-03
4642  3.653e-03
10000  9.362e-03
21544  1.873e-02
46416  4.675e-02
100000  1.232e-01
215443  4.033e-01
464159  1.335e+00
1000000  3.853e+00
2154435  1.042e+01
4641589  2.777e+01
10000000  7.239e+01
10  5.000e-06
22  6.000e-06
46  1.400e-05
100  3.600e-05
215  9.200e-05
464  2.370e-04
1000  6.130e-04
2154  1.358e-03
4642  3.507e-03
10000  8.936e-03
21544  1.823e-02
46416  4.533e-02
100000  1.187e-01
215443  3.948e-01
464159  1.300e+00
1000000  3.811e+00
2154435  1.044e+01
4641589  2.759e+01
10000000  7.212e+01
10  4.000e-06
22  5.000e-06
46  1.400e-05
100  3.600e-05
215  9.400e-05
464  2.460e-04
1000  6.240e-04
2154  1.585e-03
4642  3.533e-03
10000  9.150e-03
21544  1.828e-02
46416  4.608e-02
100000  1.229e-01
215443  4.072e-01
464159  1.302e+00
1000000  3.799e+00
2154435  1.039e+01
4641589  2.734e+01
10000000  7.199e+01
10  5.000e-06
22  5.000e-06
46  1.600e-05
100  3.900e-05
215  1.020e-04
464  2.590e-04
1000  6.630e-04
2154  1.650e-03
4642  4.423e-03
10000  9.333e-03
21544  1.849e-02
46416  4.684e-02
100000  1.213e-01
215443  3.981e-01
464159  1.291e+00
1000000  3.747e+00
2154435  1.051e+01
4641589  2.759e+01
10000000  6.994e+01
10  5.000e-06
22  7.000e-06
46  1.400e-05
100  3.600e-05
215  9.700e-05
464  2.510e-04
1000  6.180e-04
2154  1.459e-03
4642  3.601e-03
10000  9.185e-03
21544  1.872e-02
46416  4.692e-02
100000  1.228e-01
215443  4.016e-01
464159  1.308e+00
1000000  3.841e+00
2154435  1.033e+01
4641589  2.758e+01
10000000  7.210e+01
10  3.000e-06
22  6.000e-06
46  1.300e-05
100  3.500e-05
215  9.100e-05
464  2.380e-04
1000  5.870e-04
2154  1.408e-03
4642  3.538e-03
10000  9.016e-03
21544  1.865e-02
46416  4.588e-02
100000  1.199e-01
215443  3.930e-01
464159  1.296e+00
1000000  3.780e+00
2154435  1.032e+01
4641589  2.737e+01
10000000  7.210e+01
10  5.000e-06
22  5.000e-06
46  1.500e-05
100  3.700e-05
215  1.010e-04
464  2.510e-04
1000  6.140e-04
2154  1.473e-03
4642  3.597e-03
10000  9.198e-03
21544  1.869e-02
46416  4.694e-02
100000  1.225e-01
215443  3.996e-01
464159  1.303e+00
1000000  3.776e+00
2154435  1.027e+01
4641589  2.766e+01
10000000  7.255e+01
10  5.000e-06
22  5.000e-06
46  1.400e-05
100  3.500e-05
215  9.100e-05
464  2.380e-04
1000  6.120e-04
2154  1.386e-03
4642  3.587e-03
10000  9.205e-03
21544  1.866e-02
46416  4.675e-02
100000  1.230e-01
215443  4.002e-01
464159  1.305e+00
1000000  3.788e+00
2154435  1.030e+01
4641589  2.744e+01
10000000  7.269e+01
10  4.000e-06
22  6.000e-06
46  1.400e-05
100  3.900e-05
215  9.800e-05
464  2.500e-04
1000  6.300e-04
2154  1.512e-03
4642  3.550e-03
10000  9.099e-03
21544  1.839e-02
46416  4.610e-02
100000  1.202e-01
215443  3.948e-01
464159  1.298e+00
1000000  3.763e+00
2154435  1.040e+01
4641589  2.737e+01
10000000  7.205e+01
10  4.000e-06
22  6.000e-06
46  1.300e-05
100  3.800e-05
215  9.400e-05
464  2.440e-04
1000  6.190e-04
2154  1.423e-03
4642  3.579e-03
10000  9.082e-03
21544  1.838e-02
46416  4.698e-02
100000  1.227e-01
215443  3.988e-01
464159  1.302e+00
1000000  3.784e+00
2154435  1.033e+01
4641589  2.785e+01
10000000  7.232e+01
10  3.000e-06
22  7.000e-06
46  1.400e-05
100  3.600e-05
215  9.400e-05
464  2.450e-04
1000  6.040e-04
2154  1.440e-03
4642  3.535e-03
10000  9.053e-03
21544  1.862e-02
46416  4.644e-02
100000  1.215e-01
215443  3.961e-01
464159  1.296e+00
1000000  3.783e+00
2154435  1.044e+01
4641589  2.741e+01
10000000  7.185e+01
10  5.000e-06
22  6.000e-06
46  1.400e-05
100  3.900e-05
215  9.800e-05
464  2.520e-04
1000  6.210e-04
2154  1.467e-03
4642  3.575e-03
10000  9.117e-03
21544  1.849e-02
46416  4.611e-02
100000  1.214e-01
215443  3.966e-01
464159  1.308e+00
1000000  3.797e+00
2154435  1.031e+01
4641589  2.789e+01
10000000  7.245e+01
10  5.000e-06
22  6.000e-06
46  1.500e-05
100  3.800e-05
215  9.800e-05
464  2.520e-04
1000  6.210e-04
2154  1.483e-03
4642  3.614e-03
10000  9.227e-03
21544  1.868e-02
46416  4.687e-02
100000  1.237e-01
215443  4.002e-01
464159  1.308e+00
1000000  3.784e+00
2154435  1.030e+01
4641589  2.786e+01
10000000  7.725e+01
10  4.000e-06
22  6.000e-06
46  1.400e-05
100  3.800e-05
215  9.900e-05
464  2.540e-04
1000  6.270e-04
2154  1.477e-03
4642  3.624e-03
10000  9.202e-03
21544  1.857e-02
46416  4.641e-02
100000  1.230e-01
215443  4.003e-01
464159  1.313e+00
1000000  3.810e+00
2154435  1.050e+01
4641589  2.749e+01
10000000  7.223e+01
10  5.000e-06
22  6.000e-06
46  1.300e-05
100  3.800e-05
215  9.700e-05
464  2.590e-04
1000  5.930e-04
2154  1.397e-03
4642  3.601e-03
10000  9.215e-03
21544  1.886e-02
46416  4.732e-02
100000  1.239e-01
215443  4.079e-01
464159  1.305e+00
1000000  3.764e+00
2154435  1.046e+01
4641589  2.770e+01
10000000  7.297e+01
10  4.000e-06
22  6.000e-06
46  1.400e-05
100  3.800e-05
215  9.700e-05
464  2.500e-04
1000  6.120e-04
2154  1.385e-03
4642  3.659e-03
10000  9.360e-03
21544  1.930e-02
46416  4.764e-02
100000  1.405e-01
215443  4.103e-01
464159  1.336e+00
1000000  3.835e+00
2154435  1.048e+01
4641589  2.788e+01
10000000  7.313e+01
10  3.000e-06
22  6.000e-06
46  1.600e-05
100  4.000e-05
215  1.000e-04
464  2.560e-04
1000  6.560e-04
2154  1.546e-03
4642  3.660e-03
10000  9.371e-03
21544  1.879e-02
46416  4.677e-02
100000  1.397e-01
215443  4.171e-01
464159  1.336e+00
1000000  3.872e+00
2154435  1.053e+01
4641589  2.784e+01
10000000  7.288e+01
10  4.000e-06
22  5.000e-06
46  1.300e-05
100  3.400e-05
215  9.200e-05
464  2.400e-04
1000  6.100e-04
2154  1.376e-03
4642  3.577e-03
10000  9.123e-03
21544  1.859e-02
46416  4.687e-02
100000  1.219e-01
215443  4.004e-01
464159  1.328e+00
1000000  3.831e+00
2154435  1.047e+01
4641589  2.776e+01
10000000  7.286e+01
10  4.000e-06
22  6.000e-06
46  1.400e-05
100  4.000e-05
215  1.030e-04
464  2.610e-04
1000  6.560e-04
2154  1.678e-03
4642  3.682e-03
10000  9.517e-03
21544  1.917e-02
46416  4.810e-02
100000  1.281e-01
215443  4.179e-01
464159  1.343e+00
1000000  3.836e+00
2154435  1.049e+01
4641589  2.785e+01
10000000  7.300e+01
10  4.000e-06
22  5.000e-06
46  1.400e-05
100  3.500e-05
215  9.300e-05
464  2.330e-04
1000  6.170e-04
2154  1.380e-03
4642  3.516e-03
10000  8.964e-03
21544  1.957e-02
46416  4.580e-02
100000  1.200e-01
215443  4.045e-01
464159  1.334e+00
1000000  3.799e+00
2154435  1.044e+01
4641589  2.769e+01
10000000  7.236e+01
10  4.000e-06
22  6.000e-06
46  1.400e-05
100  3.700e-05
215  9.600e-05
464  2.440e-04
1000  6.090e-04
2154  1.439e-03
4642  3.560e-03
10000  9.095e-03
21544  1.851e-02
46416  4.646e-02
100000  1.225e-01
215443  3.987e-01
464159  1.314e+00
1000000  3.863e+00
2154435  1.042e+01
4641589  2.766e+01
10000000  7.223e+01
10  4.000e-06
22  5.000e-06
46  1.300e-05
100  3.700e-05
215  9.300e-05
464  2.440e-04
1000  6.150e-04
2154  1.376e-03
4642  3.566e-03
10000  9.069e-03
21544  1.848e-02
46416  4.629e-02
100000  1.221e-01
215443  4.034e-01
464159  1.304e+00
1000000  3.850e+00
2154435  1.036e+01
4641589  2.753e+01
10000000  7.213e+01
10  4.000e-06
22  7.000e-06
46  1.500e-05
100  3.800e-05
215  9.700e-05
464  2.510e-04
1000  6.350e-04
2154  1.519e-03
4642  3.578e-03
10000  9.168e-03
21544  1.858e-02
46416  4.625e-02
100000  1.206e-01
215443  4.121e-01
464159  1.311e+00
1000000  3.823e+00
2154435  1.044e+01
4641589  2.760e+01
10000000  7.256e+01
10  4.000e-06
22  4.000e-06
46  9.000e-06
100  2.500e-05
215  6.400e-05
464  1.640e-04
1000  4.140e-04
2154  1.054e-03
4642  2.805e-03
10000  7.442e-03
21544  1.890e-02
46416  4.734e-02
100000  1.254e-01
215443  3.575e-01
464159  1.040e+00
1000000  2.850e+00
2154435  7.467e+00
4641589  1.947e+01
10000000  7.101e+01
10  4.000e-06
22  6.000e-06
46  1.300e-05
100  3.600e-05
215  1.070e-04
464  2.450e-04
1000  6.030e-04
2154  1.446e-03
4642  3.534e-03
10000  9.042e-03
21544  1.849e-02
46416  4.656e-02
100000  1.215e-01
215443  3.969e-01
464159  1.314e+00
1000000  3.765e+00
2154435  1.032e+01
4641589  2.736e+01
10000000  7.295e+01
10  3.000e-06
22  5.000e-06
46  1.100e-05
100  3.000e-05
215  7.900e-05
464  2.050e-04
1000  5.190e-04
2154  1.377e-03
4642  3.565e-03
10000  7.865e-03
21544  2.001e-02
46416  5.191e-02
100000  1.395e-01
215443  4.333e-01
464159  1.324e+00
1000000  4.043e+00
2154435  1.072e+01
4641589  2.742e+01
10000000  7.036e+01
10  3.000e-06
22  4.000e-06
46  1.100e-05
100  3.200e-05
215  8.300e-05
464  2.080e-04
1000  5.280e-04
2154  1.354e-03
4642  3.645e-03
10000  8.305e-03
21544  1.928e-02
46416  4.871e-02
100000  1.351e-01
215443  4.424e-01
464159  1.387e+00
1000000  3.908e+00
2154435  1.043e+01
4641589  2.707e+01
10000000  6.999e+01
10  3.000e-06
22  5.000e-06
46  1.200e-05
100  3.100e-05
215  8.100e-05
464  2.100e-04
1000  5.310e-04
2154  1.354e-03
4642  3.587e-03
10000  8.522e-03
21544  2.180e-02
46416  5.614e-02
100000  1.414e-01
215443  4.326e-01
464159  1.385e+00
1000000  3.872e+00
2154435  1.048e+01
4641589  2.737e+01
10000000  7.033e+01
10  4.000e-06
22  5.000e-06
46  1.500e-05
100  3.900e-05
215  9.900e-05
464  2.520e-04
1000  6.200e-04
2154  1.477e-03
4642  3.588e-03
10000  9.291e-03
21544  1.905e-02
46416  4.861e-02
100000  1.441e-01
215443  4.518e-01
464159  1.360e+00
1000000  3.884e+00
2154435  1.040e+01
4641589  2.720e+01
10000000  7.261e+01
10  5.000e-06
22  5.000e-06
46  1.400e-05
100  3.800e-05
215  9.700e-05
464  2.610e-04
1000  6.180e-04
2154  1.587e-03
4642  3.567e-03
10000  9.107e-03
21544  1.866e-02
46416  4.780e-02
100000  1.384e-01
215443  4.291e-01
464159  1.328e+00
1000000  3.867e+00
2154435  1.040e+01
4641589  2.773e+01
10000000  7.211e+01
10  5.000e-06
22  7.000e-06
46  1.600e-05
100  3.800e-05
215  1.000e-04
464  2.560e-04
1000  6.490e-04
2154  1.544e-03
4642  3.607e-03
10000  9.251e-03
21544  2.138e-02
46416  5.273e-02
100000  1.456e-01
215443  4.414e-01
464159  1.370e+00
1000000  3.927e+00
2154435  1.045e+01
4641589  2.733e+01
10000000  7.249e+01
10  4.000e-06
22  7.000e-06
46  1.600e-05
100  4.100e-05
215  1.060e-04
464  2.730e-04
1000  6.880e-04
2154  1.692e-03
4642  4.024e-03
10000  9.615e-03
21544  2.035e-02
46416  5.361e-02
100000  1.335e-01
215443  4.489e-01
464159  1.378e+00
1000000  3.899e+00
2154435  1.129e+01
4641589  2.937e+01
10000000  7.571e+01
10  4.000e-06
22  5.000e-06
46  1.400e-05
100  3.500e-05
215  8.900e-05
464  2.400e-04
1000  5.910e-04
2154  1.339e-03
4642  3.536e-03
10000  9.431e-03
21544  1.935e-02
46416  4.896e-02
100000  1.354e-01
215443  4.474e-01
464159  1.349e+00
1000000  3.872e+00
2154435  1.051e+01
4641589  2.786e+01
10000000  7.094e+01
10  9.000e-06
22  1.900e-05
46  4.900e-05
100  1.390e-04
215  3.520e-04
464  2.490e-04
1000  6.250e-04
2154  1.494e-03
4642  3.613e-03
10000  9.242e-03
21544  1.935e-02
46416  5.598e-02
100000  1.337e-01
215443  4.536e-01
464159  1.408e+00
1000000  3.970e+00
2154435  1.072e+01
4641589  2.766e+01
10000000  7.071e+01
10  4.000e-06
22  6.000e-06
46  1.300e-05
100  3.600e-05
215  9.600e-05
464  2.460e-04
1000  6.260e-04
2154  1.551e-03
4642  3.540e-03
10000  9.268e-03
21544  2.136e-02
46416  5.246e-02
100000  1.423e-01
215443  4.393e-01
464159  1.358e+00
1000000  3.861e+00
2154435  1.053e+01
4641589  2.786e+01
10000000  7.282e+01
10  3.000e-06
22  6.000e-06
46  1.300e-05
100  3.700e-05
215  9.200e-05
464  2.480e-04
1000  6.020e-04
2154  1.345e-03
4642  3.571e-03
10000  9.078e-03
21544  1.863e-02
46416  4.781e-02
100000  1.226e-01
215443  4.081e-01
464159  1.320e+00
1000000  3.796e+00
2154435  1.054e+01
4641589  2.791e+01
10000000  7.334e+01
10  4.000e-06
22  6.000e-06
46  1.300e-05
100  3.700e-05
215  9.200e-05
464  2.430e-04
1000  5.820e-04
2154  1.354e-03
4642  3.564e-03
10000  9.024e-03
21544  1.875e-02
46416  5.050e-02
100000  1.246e-01
215443  4.095e-01
464159  1.332e+00
1000000  3.866e+00
2154435  1.053e+01
4641589  2.788e+01
10000000  7.266e+01
10  4.000e-06
22  5.000e-06
46  1.300e-05
100  3.500e-05
215  9.300e-05
464  2.390e-04
1000  5.900e-04
2154  1.373e-03
4642  3.567e-03
10000  9.089e-03
21544  1.851e-02
46416  4.665e-02
100000  1.228e-01
215443  4.026e-01
464159  1.297e+00
1000000  3.782e+00
2154435  1.038e+01
4641589  2.780e+01
10000000  7.212e+01
10  4.000e-06
22  5.000e-06
46  1.300e-05
100  3.500e-05
215  9.200e-05
464  2.390e-04
1000  5.930e-04
2154  1.364e-03
4642  3.564e-03
10000  9.013e-03
21544  1.876e-02
46416  4.671e-02
100000  1.213e-01
215443  4.011e-01
464159  1.317e+00
1000000  3.807e+00
2154435  1.053e+01
4641589  2.784e+01
10000000  7.236e+01
10  5.000e-06
22  6.000e-06
46  1.300e-05
100  3.700e-05
215  9.300e-05
464  2.390e-04
1000  6.100e-04
2154  1.375e-03
4642  3.541e-03
10000  8.993e-03
21544  1.829e-02
46416  4.801e-02
100000  1.279e-01
215443  4.065e-01
464159  1.345e+00
1000000  3.782e+00
2154435  1.032e+01
4641589  2.765e+01
10000000  7.218e+01
10  5.000e-06
22  6.000e-06
46  1.300e-05
100  3.600e-05
215  9.300e-05
464  2.390e-04
1000  6.060e-04
2154  1.363e-03
4642  3.528e-03
10000  8.966e-03
21544  2.034e-02
46416  4.686e-02
100000  1.197e-01
215443  3.986e-01
464159  1.303e+00
1000000  3.781e+00
2154435  1.038e+01
4641589  2.779e+01
10000000  7.264e+01
10  3.000e-06
22  6.000e-06
46  1.400e-05
100  3.700e-05
215  9.600e-05
464  2.400e-04
1000  5.920e-04
2154  1.412e-03
4642  3.539e-03
10000  9.136e-03
21544  1.869e-02
46416  4.700e-02
100000  1.217e-01
215443  3.995e-01
464159  1.315e+00
1000000  3.845e+00
2154435  1.047e+01
4641589  2.767e+01
10000000  7.269e+01
10  5.000e-06
22  6.000e-06
46  1.400e-05
100  3.600e-05
215  1.090e-04
464  2.520e-04
1000  5.910e-04
2154  1.358e-03
4642  3.582e-03
10000  9.098e-03
21544  1.870e-02
46416  4.745e-02
100000  1.234e-01
215443  4.076e-01
464159  1.334e+00
1000000  3.788e+00
2154435  1.042e+01
4641589  2.751e+01
10000000  7.209e+01
10  5.000e-06
22  6.000e-06
46  1.500e-05
100  3.800e-05
215  9.400e-05
464  2.430e-04
1000  6.190e-04
2154  1.383e-03
4642  3.571e-03
10000  9.082e-03
21544  1.863e-02
46416  4.610e-02
100000  1.307e-01
215443  3.978e-01
464159  1.314e+00
1000000  3.806e+00
2154435  1.039e+01
4641589  2.792e+01
10000000  7.776e+01
10  5.000e-06
22  6.000e-06
46  1.300e-05
100  3.800e-05
215  9.600e-05
464  2.460e-04
1000  6.220e-04
2154  1.450e-03
4642  3.530e-03
10000  9.389e-03
21544  1.920e-02
46416  5.210e-02
100000  1.508e-01
215443  4.897e-01
464159  1.486e+00
1000000  4.116e+00
2154435  1.102e+01
4641589  2.921e+01
10000000  7.598e+01
10  4.000e-06
22  6.000e-06
46  1.400e-05
100  3.700e-05
215  6.500e-05
464  2.470e-04
1000  6.110e-04
2154  1.520e-03
4642  3.557e-03
10000  9.298e-03
21544  2.016e-02
46416  5.074e-02
100000  1.497e-01
215443  4.776e-01
464159  1.476e+00
1000000  4.116e+00
2154435  1.112e+01
4641589  2.936e+01
10000000  7.648e+01
10  5.000e-06
22  6.000e-06
46  1.400e-05
100  3.500e-05
215  9.400e-05
464  2.360e-04
1000  6.040e-04
2154  1.441e-03
4642  3.517e-03
10000  9.305e-03
21544  2.083e-02
46416  5.359e-02
100000  1.551e-01
215443  5.076e-01
464159  1.525e+00
1000000  4.419e+00
2154435  1.208e+01
4641589  3.279e+01
10000000  8.267e+01
10  4.000e-06
22  6.000e-06
46  1.300e-05
100  3.700e-05
215  9.800e-05
464  2.490e-04
1000  6.310e-04
2154  1.561e-03
4642  3.769e-03
10000  9.647e-03
21544  2.458e-02
46416  6.324e-02
100000  1.929e-01
215443  5.678e-01
464159  1.653e+00
1000000  4.555e+00
2154435  1.211e+01
4641589  3.221e+01
10000000  8.423e+01
10  5.000e-06
22  5.000e-06
46  1.500e-05
100  3.700e-05
215  9.500e-05
464  2.480e-04
1000  6.250e-04
2154  1.643e-03
4642  3.612e-03
10000  9.591e-03
21544  2.463e-02
46416  6.523e-02
100000  1.972e-01
215443  6.161e-01
464159  1.742e+00
1000000  4.734e+00
2154435  1.244e+01
4641589  3.284e+01
10000000  8.458e+01
10  6.000e-06
22  6.000e-06
46  1.400e-05
100  3.900e-05
215  9.800e-05
464  2.480e-04
1000  6.340e-04
2154  1.585e-03
4642  3.632e-03
10000  9.666e-03
21544  2.458e-02
46416  6.370e-02
100000  1.878e-01
215443  5.862e-01
464159  1.701e+00
1000000  4.654e+00
2154435  1.235e+01
4641589  3.244e+01
10000000  8.312e+01
10  4.000e-06
22  7.000e-06
46  1.400e-05
100  3.700e-05
215  9.600e-05
464  2.430e-04
1000  6.290e-04
2154  1.758e-03
4642  3.733e-03
10000  9.356e-03
21544  2.484e-02
46416  6.367e-02
100000  1.817e-01
215443  5.854e-01
464159  1.680e+00
1000000  4.575e+00
2154435  1.219e+01
4641589  3.206e+01
10000000  8.266e+01
10  5.000e-06
22  7.000e-06
46  1.300e-05
100  3.700e-05
215  9.600e-05
464  2.500e-04
1000  6.460e-04
2154  1.515e-03
4642  3.633e-03
10000  9.490e-03
21544  2.537e-02
46416  6.263e-02
100000  1.832e-01
215443  5.729e-01
464159  1.676e+00
1000000  4.619e+00
2154435  1.202e+01
4641589  3.176e+01
10000000  8.239e+01
10  5.000e-06
22  6.000e-06
46  1.200e-05
100  3.700e-05
215  9.600e-05
464  2.510e-04
1000  6.210e-04
2154  1.493e-03
4642  3.661e-03
10000  9.811e-03
21544  2.486e-02
46416  6.511e-02
100000  2.097e-01
215443  5.875e-01
464159  1.672e+00
1000000  4.632e+00
2154435  1.248e+01
4641589  3.185e+01
10000000  8.214e+01
10  5.000e-06
22  6.000e-06
46  1.400e-05
100  3.900e-05
215  9.900e-05
464  2.520e-04
1000  6.410e-04
2154  1.584e-03
4642  3.879e-03
10000  9.729e-03
21544  2.198e-02
46416  5.615e-02
100000  1.760e-01
215443  5.641e-01
464159  1.640e+00
1000000  4.496e+00
2154435  1.196e+01
4641589  3.204e+01
10000000  8.276e+01
10  5.000e-06
22  6.000e-06
46  1.400e-05
100  4.500e-05
215  9.800e-05
464  2.510e-04
1000  6.400e-04
2154  1.541e-03
4642  3.632e-03
10000  9.350e-03
21544  2.189e-02
46416  6.056e-02
100000  1.750e-01
215443  5.833e-01
464159  1.676e+00
1000000  4.690e+00
2154435  1.220e+01
4641589  3.182e+01
10000000  8.381e+01
10  5.000e-06
22  6.000e-06
46  1.500e-05
100  3.700e-05
215  9.800e-05
464  2.510e-04
1000  6.350e-04
2154  1.601e-03
4642  3.639e-03
10000  9.648e-03
21544  2.487e-02
46416  6.658e-02
100000  1.877e-01
215443  5.959e-01
464159  1.705e+00
1000000  4.640e+00
2154435  1.248e+01
4641589  3.178e+01
10000000  8.286e+01
10  5.000e-06
22  6.000e-06
46  1.300e-05
100  4.000e-05
215  9.700e-05
464  2.500e-04
1000  6.420e-04
2154  1.575e-03
4642  3.715e-03
10000  9.585e-03
21544  2.501e-02
46416  6.538e-02
100000  1.896e-01
215443  6.175e-01
464159  1.693e+00
1000000  4.566e+00
2154435  1.232e+01
4641589  3.175e+01
10000000  8.294e+01
10  8.000e-06
22  1.700e-05
46  4.300e-05
100  3.800e-05
215  9.400e-05
464  2.360e-04
1000  6.090e-04
2154  1.451e-03
4642  3.606e-03
10000  9.439e-03
21544  2.192e-02
46416  5.888e-02
100000  1.732e-01
215443  5.529e-01
464159  1.608e+00
1000000  4.499e+00
2154435  1.205e+01
4641589  3.162e+01
10000000  8.217e+01
10  5.000e-06
22  6.000e-06
46  1.400e-05
100  3.700e-05
215  9.400e-05
464  2.450e-04
1000  6.210e-04
2154  1.574e-03
4642  3.527e-03
10000  9.159e-03
21544  2.167e-02
46416  5.879e-02
100000  1.718e-01
215443  5.584e-01
464159  1.626e+00
1000000  4.532e+00
2154435  1.142e+01
4641589  2.934e+01
10000000  7.264e+01
10  4.000e-06
22  6.000e-06
46  1.400e-05
100  3.700e-05
215  9.900e-05
464  2.460e-04
1000  6.270e-04
2154  1.487e-03
4642  3.628e-03
10000  9.286e-03
21544  1.890e-02
46416  5.022e-02
100000  1.293e-01
215443  4.125e-01
464159  1.330e+00
1000000  3.862e+00
2154435  1.047e+01
4641589  2.786e+01
10000000  7.123e+01
10  4.000e-06
22  6.000e-06
46  1.300e-05
100  3.500e-05
215  9.300e-05
464  2.410e-04
1000  6.130e-04
2154  1.521e-03
4642  3.508e-03
10000  9.251e-03
21544  2.035e-02
46416  5.283e-02
100000  1.457e-01
215443  4.300e-01
464159  1.417e+00
1000000  4.410e+00
2154435  1.187e+01
4641589  3.031e+01
10000000  7.879e+01
10  4.000e-06
22  6.000e-06
46  1.300e-05
100  3.700e-05
215  9.400e-05
464  2.520e-04
1000  6.310e-04
2154  1.616e-03
4642  3.604e-03
10000  9.432e-03
21544  2.303e-02
46416  5.996e-02
100000  1.557e-01
215443  5.647e-01
464159  1.649e+00
1000000  4.489e+00
2154435  1.195e+01
4641589  3.008e+01
10000000  7.669e+01
10  5.000e-06
22  5.000e-06
46  1.400e-05
100  3.400e-05
215  8.900e-05
464  2.330e-04
1000  5.760e-04
2154  1.377e-03
4642  3.486e-03
10000  8.899e-03
21544  1.829e-02
46416  4.683e-02
100000  1.351e-01
215443  4.011e-01
464159  1.307e+00
1000000  3.842e+00
2154435  1.043e+01
4641589  2.768e+01
10000000  7.758e+01
10  4.000e-06
22  5.000e-06
46  1.000e-05
100  2.600e-05
215  6.700e-05
464  1.720e-04
1000  4.330e-04
2154  1.105e-03
4642  3.034e-03
10000  7.707e-03
21544  1.961e-02
46416  4.942e-02
100000  1.670e-01
215443  4.601e-01
464159  1.255e+00
1000000  4.261e+00
2154435  1.198e+01
4641589  3.067e+01
10000000  7.709e+01
10  5.000e-06
22  6.000e-06
46  1.300e-05
100  3.600e-05
215  9.800e-05
464  2.400e-04
1000  6.110e-04
2154  1.378e-03
4642  3.575e-03
10000  9.186e-03
21544  1.900e-02
46416  4.712e-02
100000  1.361e-01
215443  4.020e-01
464159  1.319e+00
1000000  3.845e+00
2154435  1.054e+01
4641589  2.885e+01
10000000  7.737e+01
10  4.000e-06
22  6.000e-06
46  1.300e-05
100  3.600e-05
215  9.400e-05
464  2.420e-04
1000  5.910e-04
2154  1.372e-03
4642  3.586e-03
10000  9.232e-03
21544  1.885e-02
46416  4.758e-02
100000  1.252e-01
215443  4.093e-01
464159  1.316e+00
1000000  3.784e+00
2154435  1.041e+01
4641589  2.746e+01
10000000  7.249e+01
10  5.000e-06
22  5.000e-06
46  1.400e-05
100  3.500e-05
215  9.000e-05
464  2.370e-04
1000  5.880e-04
2154  1.395e-03
4642  3.553e-03
10000  9.096e-03
21544  1.846e-02
46416  4.740e-02
100000  1.242e-01
215443  4.009e-01
464159  1.315e+00
1000000  3.805e+00
2154435  1.036e+01
4641589  2.770e+01
10000000  7.252e+01
10  4.000e-06
22  5.000e-06
46  1.300e-05
100  3.700e-05
215  9.700e-05
464  2.480e-04
1000  6.410e-04
2154  1.419e-03
4642  3.642e-03
10000  9.279e-03
21544  1.884e-02
46416  4.816e-02
100000  1.258e-01
215443  4.151e-01
464159  1.319e+00
1000000  3.843e+00
2154435  1.052e+01
4641589  2.781e+01
10000000  7.242e+01
10  6.000e-06
22  6.000e-06
46  1.300e-05
100  3.700e-05
215  9.400e-05
464  2.440e-04
1000  6.020e-04
2154  1.402e-03
4642  3.516e-03
10000  8.979e-03
21544  1.830e-02
46416  4.671e-02
100000  1.196e-01
215443  3.969e-01
464159  1.325e+00
1000000  3.800e+00
2154435  1.038e+01
4641589  2.740e+01
10000000  7.242e+01
10  3.000e-06
22  7.000e-06
46  1.500e-05
100  3.800e-05
215  9.900e-05
464  2.520e-04
1000  6.170e-04
2154  1.470e-03
4642  3.583e-03
10000  9.131e-03
21544  1.865e-02
46416  4.630e-02
100000  1.211e-01
215443  4.059e-01
464159  1.309e+00
1000000  3.804e+00
2154435  1.036e+01
4641589  2.766e+01
10000000  7.304e+01
10  5.000e-06
22  6.000e-06
46  1.400e-05
100  3.900e-05
215  9.900e-05
464  2.460e-04
1000  6.290e-04
2154  1.438e-03
4642  3.619e-03
10000  9.177e-03
21544  1.859e-02
46416  4.720e-02
100000  1.227e-01
215443  4.165e-01
464159  1.344e+00
1000000  3.788e+00
2154435  1.037e+01
4641589  2.759e+01
10000000  7.232e+01
10  4.000e-06
22  5.000e-06
46  1.300e-05
100  3.600e-05
215  9.200e-05
464  2.340e-04
1000  6.060e-04
2154  1.354e-03
4642  3.494e-03
10000  8.930e-03
21544  1.824e-02
46416  4.623e-02
100000  1.257e-01
215443  4.114e-01
464159  1.304e+00
1000000  3.786e+00
2154435  1.028e+01
4641589  2.766e+01
10000000  7.218e+01
10  5.000e-06
22  5.000e-06
46  1.500e-05
100  3.700e-05
215  9.900e-05
464  2.540e-04
1000  6.180e-04
2154  1.435e-03
4642  3.668e-03
10000  9.404e-03
21544  1.914e-02
46416  4.798e-02
100000  1.256e-01
215443  4.104e-01
464159  1.323e+00
1000000  3.890e+00
2154435  1.034e+01
4641589  2.783e+01
10000000  7.460e+01